50.804782867431640	4.342169761657714	85.699996948242187	0	8104817
50.804855346679687	4.342361927032470	85.699996948242187	0	8104917
50.804702758789062	4.342517852783203	85.699996948242187	0	8105117
50.804706573486328	4.342328071594238	85.699996948242187	0	8105217
50.804706573486328	4.342328071594238	85.699996948242187	180618	8105217
50.804748535156250	4.342367172241210	85.699996948242187	180618	8105317
50.804775238037109	4.342298030853271	85.699996948242187	180618	8105417
50.804737091064453	4.342154979705810	85.699996948242187	180618	8105517
50.804706573486328	4.342249870300292	85.699996948242187	180618	8105617
50.804771423339843	4.342072963714599	85.699996948242187	180618	8105717
50.804771423339843	4.342072963714599	85.699996948242187	180618	8105717
50.804794311523437	4.342226982116699	85.699996948242187	180618	8105817
50.804759979248046	4.342226982116699	85.699996948242187	180618	8105917
50.804786682128906	4.342216968536376	85.699996948242187	180618	8110017
50.804794311523437	4.342199802398681	85.699996948242187	180618	8110117
50.804805755615234	4.342197895050048	85.699996948242187	180618	8110217
50.804805755615234	4.342197895050048	85.699996948242187	180618	8110217
50.804798126220703	4.342192173004150	85.699996948242187	180618	8110317
50.804763793945312	4.342182159423828	85.699996948242187	180618	8110417
50.804721832275390	4.342150211334228	85.699996948242187	180618	8110517
50.804653167724609	4.342113018035888	85.699996948242187	180618	8110617
50.804576873779296	4.342066764831542	85.699996948242187	180618	8110717
50.804576873779296	4.342066764831542	85.699996948242187	180618	8110717
50.804496765136718	4.342014789581298	85.699996948242187	180618	8110817
50.804420471191406	4.341955184936523	85.699996948242187	180618	8110917
50.804328918457031	4.341887950897216	85.699996948242187	180618	8111017
50.804233551025390	4.341822147369384	85.699996948242187	180618	8111117
50.804130554199218	4.341760158538818	85.699996948242187	180618	8111217
50.804130554199218	4.341760158538818	85.699996948242187	180618	8111217
50.804031372070312	4.341698169708251	85.699996948242187	180618	8111317
50.803936004638671	4.341638088226318	85.699996948242187	180618	8111417
50.803840637207031	4.341578006744384	85.699996948242187	180618	8111517
50.803749084472656	4.341519832611083	85.699996948242187	180618	8111617
50.803661346435546	4.341463088989257	85.699996948242187	180618	8111717
50.803661346435546	4.341463088989257	85.699996948242187	180618	8111717
50.803585052490234	4.341403007507324	85.699996948242187	180618	8111817
50.803512573242187	4.341338157653808	85.699996948242187	180618	8111917
50.803451538085937	4.341285228729248	85.699996948242187	180618	8112017
50.803394317626953	4.341245174407958	85.699996948242187	180618	8112117
50.803344726562500	4.341213226318359	85.699996948242187	180618	8112217
50.803344726562500	4.341213226318359	85.699996948242187	180618	8112217
50.803295135498046	4.341185092926025	85.699996948242187	180618	8112317
50.803264617919921	4.341162204742431	85.699996948242187	180618	8112417
50.803230285644531	4.341139793395996	85.699996948242187	180618	8112517
50.803207397460937	4.341126918792724	85.699996948242187	180618	8112617
50.803192138671875	4.341116905212402	85.699996948242187	180618	8112717
50.803192138671875	4.341116905212402	85.699996948242187	180618	8112717
50.803184509277343	4.341110229492187	85.699996948242187	180618	8112817
50.803176879882812	4.341106891632080	85.699996948242187	180618	8112917
50.803173065185546	4.341104984283447	85.699996948242187	180618	8113017
50.803169250488281	4.341104984283447	85.699996948242187	180618	8113117
50.803169250488281	4.341104984283447	85.699996948242187	180618	8113217
50.803169250488281	4.341104984283447	85.699996948242187	180618	8113217
50.803169250488281	4.341104984283447	85.699996948242187	180618	8113317
50.803169250488281	4.341104984283447	85.699996948242187	180618	8113417
50.803169250488281	4.341104984283447	85.699996948242187	180618	8113517
50.803165435791015	4.341103076934814	85.699996948242187	180618	8113617
50.803165435791015	4.341103076934814	85.699996948242187	180618	8113717
50.803165435791015	4.341104984283447	85.699996948242187	180618	8113817
50.803165435791015	4.341104984283447	85.699996948242187	180618	8113917
50.803161621093750	4.341104984283447	85.699996948242187	180618	8114017
50.803161621093750	4.341104984283447	85.699996948242187	180618	8114117
50.803161621093750	4.341104984283447	85.699996948242187	180618	8114217
50.803161621093750	4.341104984283447	85.699996948242187	180618	8114217
50.803161621093750	4.341106891632080	85.699996948242187	180618	8114317
50.803161621093750	4.341106891632080	85.699996948242187	180618	8114417
50.803161621093750	4.341106891632080	85.699996948242187	180618	8114517
50.803161621093750	4.341106891632080	85.699996948242187	180618	8114617
50.803161621093750	4.341106891632080	85.699996948242187	180618	8114717
50.803161621093750	4.341106891632080	85.699996948242187	180618	8114717
50.803161621093750	4.341106891632080	85.699996948242187	180618	8114817
50.803161621093750	4.341106891632080	85.699996948242187	180618	8114917
50.803157806396484	4.341104984283447	85.699996948242187	180618	8115017
50.803150177001953	4.341100215911865	85.699996948242187	180618	8115117
50.803134918212890	4.341090202331542	85.699996948242187	180618	8115217
50.803134918212890	4.341090202331542	85.699996948242187	180618	8115217
50.803104400634765	4.341070175170898	85.699996948242187	180618	8115317
50.803058624267578	4.341042041778564	85.699996948242187	180618	8115417
50.803016662597656	4.341012954711914	85.699996948242187	180618	8115517
50.802970886230468	4.340984821319580	85.699996948242187	180618	8115617
50.802932739257812	4.340961933135986	85.699996948242187	180618	8115717
50.802932739257812	4.340961933135986	85.699996948242187	180618	8115717
50.802894592285156	4.340939998626708	85.699996948242187	180618	8115817
50.802867889404296	4.340921878814697	85.699996948242187	180618	8115917
50.802841186523437	4.340908050537109	85.699996948242187	180618	8120017
50.802822113037109	4.340898036956787	85.699996948242187	180618	8120117
50.802814483642578	4.340891838073730	85.699996948242187	180618	8120217
50.802814483642578	4.340891838073730	85.699996948242187	180618	8120217
50.802810668945312	4.340888023376464	85.699996948242187	180618	8120317
50.802810668945312	4.340888023376464	85.699996948242187	180618	8120417
50.802810668945312	4.340887069702148	85.699996948242187	180618	8120517
50.802814483642578	4.340887069702148	85.699996948242187	180618	8120617
50.802814483642578	4.340887069702148	85.699996948242187	180618	8120717
50.802814483642578	4.340887069702148	85.699996948242187	180618	8120717
50.802814483642578	4.340887069702148	85.699996948242187	180618	8120817
50.802814483642578	4.340885162353515	85.699996948242187	180618	8120917
50.802810668945312	4.340889930725097	85.699996948242187	180618	8121017
50.802814483642578	4.340888023376464	85.699996948242187	180618	8121117
50.802814483642578	4.340888023376464	85.699996948242187	180618	8121217
50.802814483642578	4.340888023376464	85.699996948242187	180618	8121217
50.802814483642578	4.340888023376464	85.699996948242187	180618	8121317
50.802814483642578	4.340888023376464	85.699996948242187	180618	8121417
50.802814483642578	4.340887069702148	85.699996948242187	180618	8121517
50.802814483642578	4.340887069702148	85.699996948242187	180618	8121617
50.802814483642578	4.340885162353515	85.699996948242187	180618	8121717
50.802814483642578	4.340885162353515	85.699996948242187	180618	8121717
50.802799224853515	4.340877056121826	85.699996948242187	180618	8121817
50.802768707275390	4.340857982635498	85.699996948242187	180618	8121917
50.802734375000000	4.340837001800537	85.699996948242187	180618	8122017
50.802700042724609	4.340816974639892	85.699996948242187	180618	8122117
50.802650451660156	4.340787887573242	85.699996948242187	180618	8122217
50.802650451660156	4.340787887573242	85.699996948242187	180618	8122217
50.802593231201171	4.340750217437744	85.699996948242187	180618	8122317
50.802505493164062	4.340686798095703	85.699996948242187	180618	8122417
50.802440643310546	4.340676784515380	85.699996948242187	180618	8122517
50.802375793457031	4.340670108795166	85.699996948242187	180618	8122617
50.802280426025390	4.340601921081542	85.699996948242187	180618	8122717
50.802280426025390	4.340601921081542	85.699996948242187	180618	8122717
50.802188873291015	4.340537071228027	85.699996948242187	180618	8122817
50.802104949951171	4.340491771697998	85.699996948242187	180618	8122917
50.802024841308593	4.340432167053222	85.699996948242187	180618	8123017
50.801925659179687	4.340332031250000	85.699996948242187	180618	8123117
50.801872253417968	4.340292930603027	85.699996948242187	180618	8123217
50.801872253417968	4.340292930603027	85.699996948242187	180618	8123217
50.801696777343750	4.340023040771484	85.699996948242187	180618	8123317
50.801666259765625	4.340044975280761	85.699996948242187	180618	8123417
50.801750183105468	4.340106964111328	85.699996948242187	180618	8123517
50.801727294921875	4.340135097503662	85.699996948242187	180618	8123617
50.801746368408203	4.340169906616210	85.699996948242187	180618	8123717
50.801746368408203	4.340169906616210	85.699996948242187	180618	8123717
50.801807403564453	4.340288162231445	85.699996948242187	180618	8123817
50.801929473876953	4.340419769287109	85.699996948242187	180618	8124617
50.801887512207031	4.340336799621582	85.699996948242187	180618	8124717
50.801887512207031	4.340336799621582	85.699996948242187	180618	8124717
50.801967620849609	4.340473175048828	85.699996948242187	180618	8124817
50.801998138427734	4.340538024902343	85.699996948242187	180618	8124917
50.802013397216796	4.340579986572265	85.699996948242187	180618	8125017
50.801979064941406	4.340517044067382	85.699996948242187	180618	8125117
50.801998138427734	4.340551853179931	85.699996948242187	180618	8125217
50.801998138427734	4.340551853179931	85.699996948242187	180618	8125217
50.801990509033203	4.340529918670654	85.699996948242187	180618	8125317
50.802040100097656	4.340618133544921	85.699996948242187	180618	8125417
50.802043914794921	4.340627193450927	85.699996948242187	180618	8125517
50.802062988281250	4.340662956237792	85.699996948242187	180618	8125617
50.802150726318359	4.340815067291259	85.699996948242187	180618	8125717
50.802150726318359	4.340815067291259	85.699996948242187	180618	8125717
50.802070617675781	4.340664863586425	85.699996948242187	180618	8125817
50.802139282226562	4.340793132781982	85.699996948242187	180618	8125917
50.799678802490234	4.338729858398437	479.200012207031250	180618	8130017
50.800071716308593	4.338924884796142	404.100006103515625	180618	8130117
50.800209045410156	4.338994979858398	378.600006103515625	180618	8130217
50.800209045410156	4.338994979858398	378.600006103515625	180618	8130217
50.800262451171875	4.339019775390625	369.700012207031250	180618	8130317
50.800312042236328	4.339046955108642	359.799987792968750	180618	8130417
50.800361633300781	4.339075088500976	349.399993896484375	180618	8130517
50.800376892089843	4.339085102081298	345.700012207031250	180618	8130617
50.800392150878906	4.339093208312988	343.200012207031250	180618	8130717
50.800392150878906	4.339093208312988	343.200012207031250	180618	8130717
50.800403594970703	4.339099884033203	340.899993896484375	180618	8130817
50.800395965576171	4.339093208312988	343.500000000000000	180618	8130917
50.800395965576171	4.339095115661621	343.700012207031250	180618	8131017
50.800395965576171	4.339091777801513	344.899993896484375	180618	8131117
50.800407409667968	4.339097023010253	343.200012207031250	180618	8131217
50.800407409667968	4.339097023010253	343.200012207031250	180618	8131217
50.800415039062500	4.339099884033203	342.299987792968750	180618	8131317
50.800418853759765	4.339099884033203	342.299987792968750	180618	8131417
50.800426483154296	4.339103221893310	341.399993896484375	180618	8131517
50.800430297851562	4.339105129241943	340.899993896484375	180618	8131617
50.800430297851562	4.339105129241943	341.700012207031250	180618	8131717
50.800430297851562	4.339105129241943	341.700012207031250	180618	8131717
50.800949096679687	4.339372158050537	243.300003051757812	180618	8131817
50.801330566406250	4.339571952819824	169.199996948242187	180618	8131917
50.801582336425781	4.339702129364013	120.400001525878906	180618	8132017
50.801712036132812	4.339767932891845	94.699996948242187	180618	8132117
50.801776885986328	4.339803218841552	80.800003051757812	180618	8132217
50.801776885986328	4.339803218841552	80.800003051757812	180618	8132217
50.801815032958984	4.339822769165039	72.300003051757812	180618	8132317
50.801818847656250	4.339829921722412	69.300003051757812	180618	8132417
50.801815032958984	4.339831829071044	67.300003051757812	180618	8132517
50.801815032958984	4.339835166931152	66.500000000000000	180618	8132617
50.801818847656250	4.339839935302734	66.099998474121093	180618	8132717
50.801818847656250	4.339839935302734	66.099998474121093	180618	8132717
50.801822662353515	4.339842796325683	65.900001525878906	180618	8132817
50.801822662353515	4.339845180511474	65.599998474121093	180618	8132917
50.801822662353515	4.339848041534423	65.599998474121093	180618	8133017
50.801826477050781	4.339851856231689	65.699996948242187	180618	8133117
50.801826477050781	4.339852809906005	65.900001525878906	180618	8133217
50.801826477050781	4.339852809906005	65.900001525878906	180618	8133217
50.801826477050781	4.339857101440429	66.000000000000000	180618	8133317
50.801830291748046	4.339858055114746	66.300003051757812	180618	8133417
50.801834106445312	4.339862823486328	65.699996948242187	180618	8133517
50.801845550537109	4.339867115020751	65.099998474121093	180618	8133617
50.801849365234375	4.339868068695068	64.400001525878906	180618	8133717
50.801849365234375	4.339868068695068	64.400001525878906	180618	8133717
50.801853179931640	4.339871883392333	64.199996948242187	180618	8133817
50.801849365234375	4.339871883392333	64.500000000000000	180618	8133917
50.801845550537109	4.339867115020751	64.400001525878906	180618	8134017
50.801845550537109	4.339857101440429	63.500000000000000	180618	8134117
50.801834106445312	4.339839935302734	63.500000000000000	180618	8134217
50.801834106445312	4.339839935302734	63.500000000000000	180618	8134217
50.801822662353515	4.339819908142089	63.299999237060546	180618	8134317
50.801811218261718	4.339793205261230	63.000000000000000	180618	8134417
50.801799774169921	4.339759826660156	62.900001525878906	180618	8134517
50.801776885986328	4.339719772338867	63.000000000000000	180618	8134617
50.801765441894531	4.339674949645996	62.400001525878906	180618	8134717
50.801765441894531	4.339674949645996	62.400001525878906	180618	8134717
50.801746368408203	4.339632987976074	62.099998474121093	180618	8134817
50.801734924316406	4.339597225189208	61.799999237060546	180618	8134917
50.801723480224609	4.339561939239501	61.200000762939453	180618	8135017
50.801708221435546	4.339527130126953	61.000000000000000	180618	8135117
50.801704406738281	4.339491844177246	60.200000762939453	180618	8135217
50.801704406738281	4.339491844177246	60.200000762939453	180618	8135217
50.801696777343750	4.339453220367431	59.200000762939453	180618	8135317
50.801685333251953	4.339415073394775	59.400001525878906	180618	8135417
50.801677703857421	4.339375019073486	58.599998474121093	180618	8135517
50.801654815673828	4.339336872100830	58.200000762939453	180618	8135617
50.801647186279296	4.339307785034179	57.900001525878906	180618	8135700
50.801647186279296	4.339307785034179	57.900001525878906	180618	8135700
50.801635742187500	4.339274883270263	57.200000762939453	180618	8135800
50.801628112792968	4.339247226715087	56.400001525878906	180618	8135900
50.801616668701171	4.339228153228759	55.299999237060546	180618	8140000
50.801612854003906	4.339221954345703	54.700000762939453	180618	8140100
50.801605224609375	4.339218139648437	53.799999237060546	180618	8140200
50.801605224609375	4.339218139648437	53.799999237060546	180618	8140200
50.801601409912109	4.339218139648437	52.799999237060546	180618	8140300
50.801597595214843	4.339217185974121	52.200000762939453	180618	8140400
50.801586151123046	4.339214801788330	51.799999237060546	180618	8140500
50.801582336425781	4.339211940765380	52.000000000000000	180618	8140600
50.801574707031250	4.339207172393798	52.200000762939453	180618	8140700
50.801574707031250	4.339207172393798	52.200000762939453	180618	8140700
50.801570892333984	4.339201927185058	52.500000000000000	180618	8140800
50.801563262939453	4.339198112487792	52.700000762939453	180618	8140900
50.801559448242187	4.339194774627685	53.000000000000000	180618	8141000
50.801551818847656	4.339191913604736	53.500000000000000	180618	8141100
50.801544189453125	4.339190006256103	54.099998474121093	180618	8141200
50.801544189453125	4.339190006256103	54.099998474121093	180618	8141200
50.801528930664062	4.339187145233154	55.000000000000000	180618	8141300
50.801513671875000	4.339185237884521	56.000000000000000	180618	8141400
50.801502227783203	4.339182853698730	56.299999237060546	180618	8141500
50.801494598388671	4.339187145233154	56.700000762939453	180618	8141600
50.801486968994140	4.339188098907470	56.700000762939453	180618	8141700
50.801486968994140	4.339188098907470	56.700000762939453	180618	8141700
50.801486968994140	4.339190006256103	57.000000000000000	180618	8141800
50.801483154296875	4.339191913604736	57.099998474121093	180618	8141900
50.801475524902343	4.339192867279052	57.500000000000000	180618	8142000
50.801471710205078	4.339192867279052	57.900001525878906	180618	8142100
50.801460266113281	4.339192867279052	58.400001525878906	180618	8142200
50.801460266113281	4.339192867279052	58.400001525878906	180618	8142200
50.801448822021484	4.339191913604736	59.000000000000000	180618	8142300
50.801441192626953	4.339190006256103	59.400001525878906	180618	8142400
50.801437377929687	4.339188098907470	59.900001525878906	180618	8142500
50.801437377929687	4.339188098907470	60.000000000000000	180618	8142600
50.801437377929687	4.339190006256103	59.799999237060546	180618	8142700
50.801437377929687	4.339190006256103	59.799999237060546	180618	8142700
50.801441192626953	4.339192867279052	59.200000762939453	180618	8142800
50.801448822021484	4.339194774627685	58.400001525878906	180618	8142900
50.801448822021484	4.339194774627685	58.299999237060546	180618	8143000
50.801445007324218	4.339190006256103	57.700000762939453	180618	8143100
50.801445007324218	4.339181900024414	56.599998474121093	180618	8143200
50.801445007324218	4.339181900024414	56.599998474121093	180618	8143200
50.801441192626953	4.339168071746826	56.299999237060546	180618	8143300
50.801441192626953	4.339157104492187	55.200000762939453	180618	8143400
50.801441192626953	4.339147090911865	54.200000762939453	180618	8143500
50.801448822021484	4.339141845703125	53.200000762939453	180618	8143600
50.801448822021484	4.339137077331542	52.900001525878906	180618	8143700
50.801448822021484	4.339137077331542	52.900001525878906	180618	8143700
50.801445007324218	4.339128017425537	53.200000762939453	180618	8143800
50.801433563232421	4.339119911193847	53.900001525878906	180618	8143900
50.801414489746093	4.339111804962158	55.200000762939453	180618	8144000
50.801399230957031	4.339113235473632	56.299999237060546	180618	8144100
50.801391601562500	4.339115142822265	56.299999237060546	180618	8144200
50.801391601562500	4.339115142822265	56.299999237060546	180618	8144200
50.801380157470703	4.339115142822265	57.299999237060546	180618	8144300
50.801372528076171	4.339117050170898	57.400001525878906	180618	8144400
50.801376342773437	4.339121818542480	56.200000762939453	180618	8144500
50.801383972167968	4.339127063751220	54.400001525878906	180618	8144600
50.801376342773437	4.339131832122802	53.299999237060546	180618	8144700
50.801376342773437	4.339131832122802	53.299999237060546	180618	8144700
50.801368713378906	4.339138031005859	52.299999237060546	180618	8144800
50.801361083984375	4.339145183563232	51.200000762939453	180618	8144900
50.801345825195312	4.339151859283447	50.599998474121093	180618	8145000
50.801330566406250	4.339157104492187	50.099998474121093	180618	8145100
50.801315307617187	4.339169979095458	49.299999237060546	180618	8145200
50.801315307617187	4.339169979095458	49.299999237060546	180618	8145200
50.801311492919921	4.339177131652832	48.299999237060546	180618	8145300
50.801307678222656	4.339179992675781	47.900001525878906	180618	8145400
50.801307678222656	4.339177131652832	48.099998474121093	180618	8145500
50.801303863525390	4.339172840118408	48.799999237060546	180618	8145600
50.801303863525390	4.339161872863769	49.599998474121093	180618	8145700
50.801303863525390	4.339161872863769	49.599998474121093	180618	8145700
50.801307678222656	4.339145183563232	50.000000000000000	180618	8145800
50.801311492919921	4.339129924774169	49.900001525878906	180618	8145900
50.801311492919921	4.339107036590576	49.900001525878906	180618	8150000
50.801315307617187	4.339081764221191	49.400001525878906	180618	8150100
50.801319122314453	4.339049816131591	48.500000000000000	180618	8150200
50.801319122314453	4.339049816131591	48.500000000000000	180618	8150200
50.801326751708984	4.339016914367675	48.200000762939453	180618	8150300
50.801326751708984	4.338982105255126	47.900001525878906	180618	8150400
50.801326751708984	4.338947772979736	47.799999237060546	180618	8150500
50.801319122314453	4.338914871215820	47.799999237060546	180618	8150600
50.801315307617187	4.338878154754638	48.099998474121093	180618	8150700
50.801315307617187	4.338878154754638	48.099998474121093	180618	8150700
50.801315307617187	4.338842868804931	47.900001525878906	180618	8150800
50.801311492919921	4.338807106018066	47.200000762939453	180618	8150900
50.801311492919921	4.338777065277099	46.500000000000000	180618	8151000
50.801311492919921	4.338751792907714	45.200000762939453	180618	8151100
50.801303863525390	4.338717937469482	44.799999237060546	180618	8151200
50.801303863525390	4.338717937469482	44.799999237060546	180618	8151200
50.801296234130859	4.338676929473876	45.000000000000000	180618	8151300
50.801288604736328	4.338640213012695	46.000000000000000	180618	8151400
50.801284790039062	4.338597774505615	46.400001525878906	180618	8151500
50.801280975341796	4.338576793670654	46.400001525878906	180618	8151600
50.801277160644531	4.338568210601806	47.200000762939453	180618	8151700
50.801277160644531	4.338568210601806	47.200000762939453	180618	8151700
50.801273345947265	4.338562011718750	47.799999237060546	180618	8151800
50.801265716552734	4.338551998138427	48.799999237060546	180618	8151900
50.801254272460937	4.338540077209472	49.299999237060546	180618	8152000
50.801246643066406	4.338528156280517	50.400001525878906	180618	8152100
50.801239013671875	4.338511943817138	50.700000762939453	180618	8152200
50.801239013671875	4.338511943817138	50.700000762939453	180618	8152200
50.801239013671875	4.338490009307861	51.700000762939453	180618	8152300
50.801239013671875	4.338469982147216	53.000000000000000	180618	8152400
50.801235198974609	4.338452816009521	53.299999237060546	180618	8152500
50.801231384277343	4.338439941406250	53.900001525878906	180618	8152600
50.801227569580078	4.338428020477294	54.200000762939453	180618	8152700
50.801227569580078	4.338428020477294	54.200000762939453	180618	8152700
50.801223754882812	4.338418006896972	54.299999237060546	180618	8152800
50.801223754882812	4.338411808013916	54.299999237060546	180618	8152900
50.801208496093750	4.338411808013916	54.400001525878906	180618	8153000
50.801212310791015	4.338407993316650	54.099998474121093	180618	8153100
50.801208496093750	4.338403224945068	54.400001525878906	180618	8153200
50.801208496093750	4.338403224945068	54.400001525878906	180618	8153200
50.801212310791015	4.338397026062011	55.000000000000000	180618	8153300
50.801219940185546	4.338387012481689	54.700000762939453	180618	8153400
50.801216125488281	4.338379859924316	55.099998474121093	180618	8153500
50.801212310791015	4.338369846343994	54.599998474121093	180618	8153600
50.801208496093750	4.338356971740722	53.700000762939453	180618	8153700
50.801208496093750	4.338356971740722	53.700000762939453	180618	8153700
50.801200866699218	4.338343143463134	53.200000762939453	180618	8153800
50.801193237304687	4.338327884674072	52.799999237060546	180618	8153900
50.801185607910156	4.338306903839111	52.599998474121093	180618	8154000
50.801170349121093	4.338293075561523	52.099998474121093	180618	8154100
50.801162719726562	4.338280200958251	52.400001525878906	180618	8154200
50.801162719726562	4.338280200958251	52.400001525878906	180618	8154200
50.801158905029296	4.338267803192138	52.599998474121093	180618	8154300
50.801155090332031	4.338263034820556	52.900001525878906	180618	8154400
50.801151275634765	4.338260173797607	53.000000000000000	180618	8154500
50.801147460937500	4.338254928588867	53.400001525878906	180618	8154600
50.801128387451171	4.338254928588867	54.000000000000000	180618	8154700
50.801128387451171	4.338254928588867	54.000000000000000	180618	8154700
50.801101684570312	4.338247776031494	55.000000000000000	180618	8154800
50.801074981689453	4.338228225708007	55.599998474121093	180618	8154900
50.801074981689453	4.338198184967041	53.400001525878906	180618	8155000
50.801071166992187	4.338162899017333	51.400001525878906	180618	8155100
50.801063537597656	4.338121891021728	49.700000762939453	180618	8155200
50.801063537597656	4.338121891021728	49.700000762939453	180618	8155200
50.801052093505859	4.338085174560546	48.299999237060546	180618	8155300
50.801036834716796	4.338043212890625	47.500000000000000	180618	8155400
50.801025390625000	4.337997913360595	46.400001525878906	180618	8155500
50.801006317138671	4.337952136993408	45.400001525878906	180618	8155600
50.801002502441406	4.337920188903808	44.000000000000000	180618	8155700
50.801002502441406	4.337920188903808	44.000000000000000	180618	8155700
50.800994873046875	4.337892055511474	42.500000000000000	180618	8155800
50.800991058349609	4.337862014770507	42.200000762939453	180618	8155900
50.800975799560546	4.337827205657958	43.200000762939453	180618	8160000
50.800968170166015	4.337790012359619	44.299999237060546	180618	8160100
50.800960540771484	4.337762832641601	44.000000000000000	180618	8160200
50.800960540771484	4.337762832641601	44.000000000000000	180618	8160200
50.800952911376953	4.337745189666748	44.599998474121093	180618	8160300
50.800952911376953	4.337737083435058	44.599998474121093	180618	8160400
50.800952911376953	4.337731838226318	44.500000000000000	180618	8160500
50.800952911376953	4.337731838226318	44.500000000000000	180618	8160600
50.800952911376953	4.337731838226318	45.000000000000000	180618	8160700
50.800952911376953	4.337731838226318	45.000000000000000	180618	8160700
50.800956726074218	4.337729930877685	45.200000762939453	180618	8160800
50.800960540771484	4.337732791900634	44.900001525878906	180618	8160900
50.800960540771484	4.337732791900634	44.599998474121093	180618	8161000
50.800960540771484	4.337735176086425	44.200000762939453	180618	8161100
50.800960540771484	4.337735176086425	44.000000000000000	180618	8161200
50.800960540771484	4.337735176086425	44.000000000000000	180618	8161200
50.800960540771484	4.337735176086425	44.000000000000000	180618	8161300
50.800968170166015	4.337737083435058	43.799999237060546	180618	8161400
50.800971984863281	4.337739944458007	43.200000762939453	180618	8161500
50.800975799560546	4.337741851806640	43.299999237060546	180618	8161600
50.800971984863281	4.337741851806640	43.299999237060546	180618	8161700
50.800971984863281	4.337741851806640	43.299999237060546	180618	8161700
50.800964355468750	4.337737083435058	44.599998474121093	180618	8161800
50.800956726074218	4.337729930877685	45.799999237060546	180618	8161900
50.800949096679687	4.337725162506103	46.799999237060546	180618	8162000
50.800945281982421	4.337722778320312	46.500000000000000	180618	8162100
50.800937652587890	4.337721824645996	47.400001525878906	180618	8162200
50.800937652587890	4.337721824645996	47.400001525878906	180618	8162200
50.800926208496093	4.337717056274414	48.900001525878906	180618	8162300
50.800918579101562	4.337709903717041	50.599998474121093	180618	8162400
50.800910949707031	4.337707042694091	51.299999237060546	180618	8162500
50.800907135009765	4.337705135345458	51.900001525878906	180618	8162600
50.800903320312500	4.337705135345458	51.799999237060546	180618	8162700
50.800903320312500	4.337705135345458	51.799999237060546	180618	8162700
50.800895690917968	4.337701797485351	52.500000000000000	180618	8162800
50.800895690917968	4.337691783905029	52.599998474121093	180618	8162900
50.800888061523437	4.337672233581542	52.700000762939453	180618	8163000
50.800880432128906	4.337633132934570	52.200000762939453	180618	8163100
50.800861358642578	4.337577819824218	51.900001525878906	180618	8163200
50.800861358642578	4.337577819824218	51.900001525878906	180618	8163200
50.800834655761718	4.337518215179443	51.700000762939453	180618	8163300
50.800815582275390	4.337460041046142	51.700000762939453	180618	8163400
50.800796508789062	4.337408065795898	51.500000000000000	180618	8163500
50.800777435302734	4.337362766265869	51.500000000000000	180618	8163600
50.800773620605468	4.337327957153320	49.900001525878906	180618	8163700
50.800773620605468	4.337327957153320	49.900001525878906	180618	8163700
50.800769805908203	4.337297916412353	48.200000762939453	180618	8163800
50.800762176513671	4.337266921997070	46.799999237060546	180618	8163900
50.800754547119140	4.337236881256103	46.000000000000000	180618	8164000
50.800746917724609	4.337212085723876	45.299999237060546	180618	8164100
50.800735473632812	4.337197780609130	45.299999237060546	180618	8164200
50.800735473632812	4.337197780609130	45.299999237060546	180618	8164200
50.800727844238281	4.337193012237548	45.000000000000000	180618	8164300
50.800724029541015	4.337194919586181	44.599998474121093	180618	8164400
50.800720214843750	4.337200164794921	44.200000762939453	180618	8164500
50.800716400146484	4.337206840515136	44.000000000000000	180618	8164600
50.800712585449218	4.337207794189453	44.500000000000000	180618	8164700
50.800712585449218	4.337207794189453	44.500000000000000	180618	8164700
50.800708770751953	4.337212085723876	44.200000762939453	180618	8164800
50.800701141357421	4.337214946746826	44.500000000000000	180618	8164900
50.800697326660156	4.337217807769775	44.700000762939453	180618	8165000
50.800697326660156	4.337220191955566	44.400001525878906	180618	8165100
50.800689697265625	4.337216854095458	44.900001525878906	180618	8165200
50.800689697265625	4.337216854095458	44.900001525878906	180618	8165200
50.800689697265625	4.337210178375244	44.500000000000000	180618	8165300
50.800689697265625	4.337197780609130	44.500000000000000	180618	8165400
50.800685882568359	4.337182044982910	43.900001525878906	180618	8165500
50.800678253173828	4.337166786193847	43.700000762939453	180618	8165600
50.800678253173828	4.337156772613525	43.500000000000000	180618	8165700
50.800678253173828	4.337156772613525	43.500000000000000	180618	8165700
50.800674438476562	4.337150096893310	43.500000000000000	180618	8165800
50.800655364990234	4.337141990661621	44.900001525878906	180618	8165900
50.800643920898437	4.337134838104248	46.099998474121093	180618	8170000
50.800632476806640	4.337128162384033	47.299999237060546	180618	8170100
50.800628662109375	4.337121963500976	47.700000762939453	180618	8170200
50.800628662109375	4.337121963500976	47.700000762939453	180618	8170200
50.800624847412109	4.337117195129394	47.900001525878906	180618	8170300
50.800617218017578	4.337111949920654	48.299999237060546	180618	8170400
50.800613403320312	4.337108135223388	48.299999237060546	180618	8170500
50.800613403320312	4.337108135223388	47.900001525878906	180618	8170600
50.800613403320312	4.337107181549072	47.200000762939453	180618	8170700
50.800613403320312	4.337107181549072	47.200000762939453	180618	8170700
50.800613403320312	4.337107181549072	46.500000000000000	180618	8170800
50.800609588623046	4.337104797363281	45.599998474121093	180618	8170900
50.800609588623046	4.337104797363281	45.099998474121093	180618	8171000
50.800598144531250	4.337104797363281	44.299999237060546	180618	8171100
50.800605773925781	4.337107181549072	42.700000762939453	180618	8171200
50.800605773925781	4.337107181549072	42.700000762939453	180618	8171200
50.800609588623046	4.337108135223388	41.200000762939453	180618	8171300
50.800617218017578	4.337107181549072	40.000000000000000	180618	8171400
50.800624847412109	4.337104797363281	39.000000000000000	180618	8171500
50.800628662109375	4.337102890014648	38.599998474121093	180618	8171600
50.800624847412109	4.337100028991699	38.700000762939453	180618	8171700
50.800624847412109	4.337100028991699	38.700000762939453	180618	8171700
50.800624847412109	4.337098121643066	39.099998474121093	180618	8171800
50.800617218017578	4.337097167968750	39.000000000000000	180618	8171900
50.800617218017578	4.337094783782958	39.299999237060546	180618	8172000
50.800617218017578	4.337091922760009	39.299999237060546	180618	8172100
50.800613403320312	4.337090015411376	39.500000000000000	180618	8172200
50.800613403320312	4.337090015411376	39.500000000000000	180618	8172200
50.800609588623046	4.337087154388427	39.799999237060546	180618	8172300
50.800605773925781	4.337084770202636	40.500000000000000	180618	8172400
50.800598144531250	4.337081909179687	40.799999237060546	180618	8172500
50.800590515136718	4.337080001831054	41.799999237060546	180618	8172600
50.800590515136718	4.337077140808105	42.500000000000000	180618	8172700
50.800590515136718	4.337077140808105	42.500000000000000	180618	8172700
50.800590515136718	4.337075233459472	43.299999237060546	180618	8172800
50.800594329833984	4.337072849273681	43.500000000000000	180618	8172900
50.800594329833984	4.337071895599365	43.900001525878906	180618	8173000
50.800598144531250	4.337069988250732	44.000000000000000	180618	8173100
50.800605773925781	4.337069988250732	44.299999237060546	180618	8173200
50.800605773925781	4.337069988250732	44.299999237060546	180618	8173200
50.800613403320312	4.337069988250732	44.200000762939453	180618	8173300
50.800621032714843	4.337069988250732	44.099998474121093	180618	8173400
50.800632476806640	4.337069988250732	44.000000000000000	180618	8173500
50.800640106201171	4.337071895599365	44.099998474121093	180618	8173600
50.800640106201171	4.337071895599365	44.299999237060546	180618	8173700
50.800640106201171	4.337071895599365	44.299999237060546	180618	8173700
50.800640106201171	4.337069988250732	44.700000762939453	180618	8173800
50.800640106201171	4.337068080902099	45.099998474121093	180618	8173900
50.800632476806640	4.337065219879150	45.599998474121093	180618	8174000
50.800628662109375	4.337062835693359	46.000000000000000	180618	8174100
50.800624847412109	4.337061882019042	46.500000000000000	180618	8174200
50.800624847412109	4.337061882019042	46.500000000000000	180618	8174200
50.800624847412109	4.337059974670410	46.900001525878906	180618	8174300
50.800624847412109	4.337058067321777	47.200000762939453	180618	8174400
50.800624847412109	4.337058067321777	47.400001525878906	180618	8174500
50.800624847412109	4.337058067321777	47.500000000000000	180618	8174600
50.800628662109375	4.337058067321777	47.700000762939453	180618	8174700
50.800628662109375	4.337058067321777	47.700000762939453	180618	8174700
50.800628662109375	4.337058067321777	47.700000762939453	180618	8174800
50.800632476806640	4.337058067321777	47.700000762939453	180618	8174900
50.800632476806640	4.337058067321777	47.500000000000000	180618	8175000
50.800636291503906	4.337058067321777	47.299999237060546	180618	8175100
50.800640106201171	4.337059974670410	47.200000762939453	180618	8175200
50.800640106201171	4.337059974670410	47.200000762939453	180618	8175200
50.800640106201171	4.337059974670410	47.099998474121093	180618	8175300
50.800643920898437	4.337057113647460	46.900001525878906	180618	8175400
50.800643920898437	4.337051868438720	46.299999237060546	180618	8175500
50.800640106201171	4.337041854858398	45.400001525878906	180618	8175600
50.800640106201171	4.337028026580810	44.200000762939453	180618	8175700
50.800640106201171	4.337028026580810	44.200000762939453	180618	8175700
50.800632476806640	4.336999893188476	43.299999237060546	180618	8175800
50.800624847412109	4.336962223052978	42.599998474121093	180618	8175900
50.800613403320312	4.336936950683593	42.400001525878906	180618	8180000
50.800598144531250	4.336917877197265	41.799999237060546	180618	8180100
50.800590515136718	4.336905002593994	41.400001525878906	180618	8180200
50.800590515136718	4.336905002593994	41.400001525878906	180618	8180200
50.800575256347656	4.336894989013671	41.200000762939453	180618	8180300
50.800575256347656	4.336883068084716	40.700000762939453	180618	8180400
50.800567626953125	4.336866855621337	40.500000000000000	180618	8180500
50.800556182861328	4.336833000183105	40.599998474121093	180618	8180600
50.800537109375000	4.336784839630126	40.700000762939453	180618	8180700
50.800537109375000	4.336784839630126	40.700000762939453	180618	8180700
50.800514221191406	4.336722850799560	40.599998474121093	180618	8180800
50.800483703613281	4.336653232574462	40.400001525878906	180618	8180900
50.800453186035156	4.336577892303466	39.900001525878906	180618	8181000
50.800415039062500	4.336504936218261	39.500000000000000	180618	8181100
50.800376892089843	4.336432933807373	40.700000762939453	180618	8181200
50.800376892089843	4.336432933807373	40.700000762939453	180618	8181200
50.800331115722656	4.336352825164794	41.599998474121093	180618	8181300
50.800296783447265	4.336259841918945	42.700000762939453	180618	8181400
50.800262451171875	4.336162090301513	42.900001525878906	180618	8181500
50.800231933593750	4.336062908172607	42.900001525878906	180618	8181600
50.800201416015625	4.335971832275390	42.099998474121093	180618	8181700
50.800201416015625	4.335971832275390	42.099998474121093	180618	8181700
50.800170898437500	4.335877895355224	41.700000762939453	180618	8181800
50.800144195556640	4.335783004760742	41.299999237060546	180618	8181900
50.800125122070312	4.335700035095214	41.099998474121093	180618	8182000
50.800109863281250	4.335628032684326	41.200000762939453	180618	8182100
50.800086975097656	4.335565090179443	41.099998474121093	180618	8182200
50.800086975097656	4.335565090179443	41.099998474121093	180618	8182200
50.800075531005859	4.335506916046142	40.200000762939453	180618	8182300
50.800064086914062	4.335440158843994	39.200000762939453	180618	8182400
50.800041198730468	4.335344791412353	38.400001525878906	180618	8182500
50.800003051757812	4.335227966308593	38.000000000000000	180618	8182600
50.799968719482421	4.335096836090087	36.799999237060546	180618	8182700
50.799968719482421	4.335096836090087	36.799999237060546	180618	8182700
50.799919128417968	4.334957122802734	36.400001525878906	180618	8182800
50.799869537353515	4.334819793701171	36.799999237060546	180618	8182900
50.799812316894531	4.334692001342773	36.900001525878906	180618	8183000
50.799758911132812	4.334578037261962	36.099998474121093	180618	8183100
50.799701690673828	4.334476947784423	35.599998474121093	180618	8183200
50.799701690673828	4.334476947784423	35.599998474121093	180618	8183200
50.799640655517578	4.334374904632568	34.299999237060546	180618	8183300
50.799583435058593	4.334277153015136	34.500000000000000	180618	8183400
50.799514770507812	4.334179878234863	35.299999237060546	180618	8183500
50.799442291259765	4.334084987640380	36.200000762939453	180618	8183600
50.799377441406250	4.333994865417480	36.099998474121093	180618	8183700
50.799377441406250	4.333994865417480	36.099998474121093	180618	8183700
50.799312591552734	4.333912849426269	37.000000000000000	180618	8183800
50.799247741699218	4.333833217620849	37.299999237060546	180618	8183900
50.799190521240234	4.333755016326904	37.400001525878906	180618	8184000
50.799137115478515	4.333684921264648	37.299999237060546	180618	8184100
50.799087524414062	4.333621978759765	36.599998474121093	180618	8184200
50.799087524414062	4.333621978759765	36.599998474121093	180618	8184200
50.799045562744140	4.333555221557617	35.599998474121093	180618	8184300
50.799011230468750	4.333477020263671	34.900001525878906	180618	8184400
50.798973083496093	4.333376884460449	35.099998474121093	180618	8184500
50.798923492431640	4.333264827728271	35.099998474121093	180618	8184600
50.798873901367187	4.333149909973144	34.299999237060546	180618	8184700
50.798873901367187	4.333149909973144	34.299999237060546	180618	8184700
50.798809051513671	4.333049774169921	34.299999237060546	180618	8184800
50.798728942871093	4.332944869995117	34.200000762939453	180618	8184900
50.798629760742187	4.332825183868408	34.400001525878906	180618	8185000
50.798511505126953	4.332692146301269	35.299999237060546	180618	8185100
50.798400878906250	4.332554817199707	35.799999237060546	180618	8185200
50.798400878906250	4.332554817199707	35.799999237060546	180618	8185200
50.798297882080078	4.332419872283935	35.700000762939453	180618	8185300
50.798191070556640	4.332294940948486	36.400001525878906	180618	8185400
50.798095703125000	4.332181930541992	36.700000762939453	180618	8185500
50.798023223876953	4.332092761993408	36.799999237060546	180618	8185600
50.797973632812500	4.332026958465576	37.200000762939453	180618	8185700
50.797973632812500	4.332026958465576	37.200000762939453	180618	8185700
50.797927856445312	4.331967830657958	37.299999237060546	180618	8185800
50.797878265380859	4.331902027130126	37.000000000000000	180618	8185900
50.797828674316406	4.331828117370605	36.200000762939453	180618	8190000
50.797782897949218	4.331749916076660	35.000000000000000	180618	8190100
50.797733306884765	4.331667900085449	34.299999237060546	180618	8190200
50.797733306884765	4.331667900085449	34.299999237060546	180618	8190200
50.797683715820312	4.331577777862548	33.599998474121093	180618	8190300
50.797626495361328	4.331478118896484	33.000000000000000	180618	8190400
50.797561645507812	4.331369876861572	32.000000000000000	180618	8190500
50.797504425048828	4.331260204315185	31.200000762939453	180618	8190600
50.797454833984375	4.331141948699951	29.399999618530273	180618	8190700
50.797454833984375	4.331141948699951	29.399999618530273	180618	8190700
50.797397613525390	4.330999851226806	31.299999237060546	180618	8190800
50.797351837158203	4.330850124359130	32.200000762939453	180618	8190900
50.797321319580078	4.330691814422607	32.900001525878906	180618	8191000
50.797286987304687	4.330527782440185	33.299999237060546	180618	8191100
50.797264099121093	4.330372810363769	34.200000762939453	180618	8191200
50.797264099121093	4.330372810363769	34.200000762939453	180618	8191200
50.797222137451171	4.330236911773681	34.400001525878906	180618	8191300
50.797183990478515	4.330124855041503	34.099998474121093	180618	8191400
50.797157287597656	4.330027103424072	32.099998474121093	180618	8191500
50.797126770019531	4.329917907714843	30.700000762939453	180618	8191600
50.797096252441406	4.329792022705078	29.600000381469726	180618	8191700
50.797096252441406	4.329792022705078	29.600000381469726	180618	8191700
50.797058105468750	4.329655170440673	28.799999237060546	180618	8191800
50.797019958496093	4.329514980316162	28.500000000000000	180618	8191900
50.796974182128906	4.329377174377441	28.399999618530273	180618	8192000
50.796924591064453	4.329239845275878	29.299999237060546	180618	8192100
50.796886444091796	4.329113006591796	29.100000381469726	180618	8192200
50.796886444091796	4.329113006591796	29.100000381469726	180618	8192200
50.796848297119140	4.328989982604980	29.600000381469726	180618	8192300
50.796802520751953	4.328867912292480	30.299999237060546	180618	8192400
50.796764373779296	4.328742980957031	30.899999618530273	180618	8192500
50.796710968017578	4.328608036041259	31.200000762939453	180618	8192600
50.796661376953125	4.328476905822753	31.799999237060546	180618	8192700
50.796661376953125	4.328476905822753	31.799999237060546	180618	8192700
50.796611785888671	4.328328132629394	31.000000000000000	180618	8192800
50.796562194824218	4.328169822692871	30.299999237060546	180618	8192900
50.796512603759765	4.328012943267822	30.100000381469726	180618	8193000
50.796463012695312	4.327857971191406	30.500000000000000	180618	8193100
50.796417236328125	4.327712059020996	31.299999237060546	180618	8193200
50.796417236328125	4.327712059020996	31.299999237060546	180618	8193200
50.796390533447265	4.327569961547851	31.100000381469726	180618	8193300
50.796371459960937	4.327432155609130	31.000000000000000	180618	8193400
50.796352386474609	4.327297210693359	31.700000762939453	180618	8193500
50.796337127685546	4.327167034149169	31.700000762939453	180618	8193600
50.796333312988281	4.327042102813720	31.100000381469726	180618	8193700
50.796333312988281	4.327042102813720	31.100000381469726	180618	8193700
50.796333312988281	4.326920032501220	30.600000381469726	180618	8193800
50.796333312988281	4.326807022094726	29.399999618530273	180618	8193900
50.796329498291015	4.326703071594238	28.100000381469726	180618	8194000
50.796321868896484	4.326601982116699	26.899999618530273	180618	8194100
50.796310424804687	4.326502799987792	25.500000000000000	180618	8194200
50.796310424804687	4.326502799987792	25.500000000000000	180618	8194200
50.796302795410156	4.326397895812988	25.899999618530273	180618	8194300
50.796295166015625	4.326288223266601	25.399999618530273	180618	8194400
50.796295166015625	4.326175212860107	25.799999237060546	180618	8194500
50.796295166015625	4.326075077056884	27.799999237060546	180618	8194600
50.796295166015625	4.325984954833984	30.000000000000000	180618	8194700
50.796295166015625	4.325984954833984	30.000000000000000	180618	8194700
50.796291351318359	4.325901985168457	31.200000762939453	180618	8194800
50.796287536621093	4.325811862945556	31.799999237060546	180618	8194900
50.796287536621093	4.325702190399169	32.500000000000000	180618	8195000
50.796279907226562	4.325576782226562	33.200000762939453	180618	8195100
50.796272277832031	4.325432777404785	34.599998474121093	180618	8195200
50.796272277832031	4.325432777404785	34.599998474121093	180618	8195200
50.796260833740234	4.325284957885742	36.000000000000000	180618	8195300
50.796260833740234	4.325141906738281	36.500000000000000	180618	8195400
50.796257019042968	4.325012207031250	37.299999237060546	180618	8195500
50.796257019042968	4.324902057647705	37.500000000000000	180618	8195600
50.796253204345703	4.324810028076171	38.400001525878906	180618	8195700
50.796253204345703	4.324810028076171	38.400001525878906	180618	8195700
50.796234130859375	4.324737071990966	39.700000762939453	180618	8195800
50.796226501464843	4.324669837951660	40.500000000000000	180618	8195900
50.796234130859375	4.324610233306884	39.500000000000000	180618	8200000
50.796241760253906	4.324554920196533	38.799999237060546	180618	8200100
50.796241760253906	4.324516773223876	38.799999237060546	180618	8200200
50.796241760253906	4.324516773223876	38.799999237060546	180618	8200200
50.796257019042968	4.324494838714599	37.099998474121093	180618	8200300
50.796272277832031	4.324481964111328	35.900001525878906	180618	8200400
50.796283721923828	4.324472904205322	35.500000000000000	180618	8200500
50.796291351318359	4.324471950531005	35.299999237060546	180618	8200600
50.796295166015625	4.324471950531005	35.200000762939453	180618	8200700
50.796295166015625	4.324471950531005	35.200000762939453	180618	8200700
50.796295166015625	4.324471950531005	35.099998474121093	180618	8200800
50.796295166015625	4.324471950531005	35.000000000000000	180618	8200900
50.796295166015625	4.324471950531005	34.900001525878906	180618	8201000
50.796298980712890	4.324472904205322	34.900001525878906	180618	8201100
50.796302795410156	4.324472904205322	35.000000000000000	180618	8201200
50.796302795410156	4.324472904205322	35.000000000000000	180618	8201200
50.796302795410156	4.324472904205322	35.000000000000000	180618	8201300
50.796302795410156	4.324471950531005	34.900001525878906	180618	8201400
50.796298980712890	4.324462890625000	35.000000000000000	180618	8201500
50.796306610107421	4.324441909790039	34.200000762939453	180618	8201600
50.796321868896484	4.324399948120117	33.799999237060546	180618	8201700
50.796321868896484	4.324399948120117	33.799999237060546	180618	8201700
50.796333312988281	4.324347019195556	34.000000000000000	180618	8201800
50.796344757080078	4.324287891387939	34.299999237060546	180618	8201900
50.796360015869140	4.324226856231689	34.000000000000000	180618	8202000
50.796371459960937	4.324168205261230	33.200000762939453	180618	8202100
50.796386718750000	4.324120044708251	33.200000762939453	180618	8202200
50.796386718750000	4.324120044708251	33.200000762939453	180618	8202200
50.796417236328125	4.324087142944335	32.700000762939453	180618	8202300
50.796451568603515	4.324067115783691	31.500000000000000	180618	8202400
50.796485900878906	4.324049949645996	30.600000381469726	180618	8202500
50.796504974365234	4.324031829833984	29.600000381469726	180618	8202600
50.796520233154296	4.324005126953125	28.899999618530273	180618	8202700
50.796520233154296	4.324005126953125	28.899999618530273	180618	8202700
50.796535491943359	4.323976993560791	27.899999618530273	180618	8202800
50.796543121337890	4.323945045471191	27.600000381469726	180618	8202900
50.796543121337890	4.323913097381591	26.899999618530273	180618	8203000
50.796543121337890	4.323882102966308	26.600000381469726	180618	8203100
50.796546936035156	4.323852062225341	26.200000762939453	180618	8203200
50.796546936035156	4.323852062225341	26.200000762939453	180618	8203200
50.796558380126953	4.323832988739013	25.799999237060546	180618	8203300
50.796524047851562	4.323669910430908	42.200000762939453	180618	8233500
50.796516418457031	4.323663234710693	43.200000762939453	180618	8233600

