48.270473480224609	4.063149929046630	0	12520700
48.270473480224609	4.063149929046630	0	12520800
48.270473480224609	4.063148021697998	0	12520900
48.270473480224609	4.063148021697998	110618	12520900
48.270458221435546	4.063135147094726	110618	12521000
48.270427703857421	4.063097000122070	110618	12521100
48.270374298095703	4.063045024871826	110618	12521200
48.270320892333984	4.062984943389892	110618	12521300
48.270259857177734	4.062917232513427	110618	12521400
48.270259857177734	4.062917232513427	110618	12521400
48.270187377929687	4.062839984893798	110618	12521500
48.270111083984375	4.062755107879638	110618	12521600
48.270030975341796	4.062666893005371	110618	12521700
48.269947052001953	4.062576770782470	110618	12521800
48.269855499267578	4.062491893768310	110618	12521900
48.269855499267578	4.062491893768310	110618	12521900
48.269767761230468	4.062417984008789	110618	12522000
48.269676208496093	4.062359809875488	110618	12522100
48.269592285156250	4.062307834625244	110618	12522200
48.269508361816406	4.062263011932373	110618	12522300
48.269432067871093	4.062217235565185	110618	12522400
48.269432067871093	4.062217235565185	110618	12522400
48.269363403320312	4.062152862548828	110618	12522500
48.269321441650390	4.062067985534667	110618	12522600
48.269287109375000	4.061967849731445	110618	12522700
48.269256591796875	4.061872005462646	110618	12522800
48.269203186035156	4.061792850494384	110618	12522900
48.269203186035156	4.061792850494384	110618	12522900
48.269134521484375	4.061742782592773	110618	12523000
48.269058227539062	4.061728000640869	110618	12523100
48.268974304199218	4.061752796173095	110618	12523200
48.268905639648437	4.061807155609130	110618	12523300
48.268833160400390	4.061851978302001	110618	12523400
48.268833160400390	4.061851978302001	110618	12523400
48.268756866455078	4.061864852905273	110618	12523500
48.268680572509765	4.061844825744628	110618	12523600
48.268600463867187	4.061810016632080	110618	12523700
48.268516540527343	4.061771869659423	110618	12523800
48.268432617187500	4.061735153198242	110618	12523900
48.268432617187500	4.061735153198242	110618	12523900
48.268348693847656	4.061697959899902	110618	12524000
48.268264770507812	4.061663150787353	110618	12524100
48.268192291259765	4.061629772186279	110618	12524200
48.268135070800781	4.061600208282470	110618	12524300
48.268104553222656	4.061572074890136	110618	12524400
48.268104553222656	4.061572074890136	110618	12524400
48.268085479736328	4.061550140380859	110618	12524500
48.268070220947265	4.061520099639892	110618	12524600
48.268051147460937	4.061467170715332	110618	12524700
48.268032073974609	4.061389923095703	110618	12524800
48.268005371093750	4.061302185058593	110618	12524900
48.268005371093750	4.061302185058593	110618	12524900
48.267955780029296	4.061203002929687	110618	12525000
48.267902374267578	4.061095237731933	110618	12525100
48.267864227294921	4.060969829559326	110618	12525200
48.267833709716796	4.060822963714599	110618	12525300
48.267814636230468	4.060655117034912	110618	12525400
48.267814636230468	4.060655117034912	110618	12525400
48.267810821533203	4.060462951660156	110618	12525500
48.267807006835937	4.060249805450439	110618	12525600
48.267807006835937	4.060019969940185	110618	12525700
48.267807006835937	4.059782981872558	110618	12525800
48.267810821533203	4.059546947479248	110618	12525900
48.267810821533203	4.059546947479248	110618	12525900
48.267814636230468	4.059311866760253	110618	12530000
48.267822265625000	4.059076786041259	110618	12530100
48.267833709716796	4.058837890625000	110618	12530200
48.267848968505859	4.058601856231689	110618	12530300
48.267864227294921	4.058366775512695	110618	12530400
48.267864227294921	4.058366775512695	110618	12530400
48.267875671386718	4.058137893676757	110618	12530500
48.267890930175781	4.057915210723876	110618	12530600
48.267902374267578	4.057696819305419	110618	12530700
48.267917633056640	4.057485103607177	110618	12530800
48.267929077148437	4.057271957397460	110618	12530900
48.267929077148437	4.057271957397460	110618	12530900
48.267944335937500	4.057059764862060	110618	12531000
48.267951965332031	4.056848049163818	110618	12531100
48.267967224121093	4.056634902954101	110618	12531200
48.267974853515625	4.056423187255859	110618	12531300
48.267990112304687	4.056210041046142	110618	12531400
48.267990112304687	4.056210041046142	110618	12531400
48.268005371093750	4.055994987487792	110618	12531500
48.268016815185546	4.055782794952392	110618	12531600
48.268028259277343	4.055568218231201	110618	12531700
48.268039703369140	4.055356979370117	110618	12531800
48.268054962158203	4.055142879486083	110618	12531900
48.268054962158203	4.055142879486083	110618	12531900
48.268077850341796	4.054932117462158	110618	12532000
48.268100738525390	4.054718017578125	110618	12532100
48.268123626708984	4.054500102996826	110618	12532200
48.268150329589843	4.054277896881103	110618	12532300
48.268184661865234	4.054055213928222	110618	12532400
48.268184661865234	4.054055213928222	110618	12532400
48.268222808837890	4.053826808929443	110618	12532500
48.268268585205078	4.053597927093505	110618	12532600
48.268314361572265	4.053372859954833	110618	12532700
48.268367767333984	4.053150177001953	110618	12532800
48.268424987792968	4.052931785583496	110618	12532900
48.268424987792968	4.052931785583496	110618	12532900
48.268478393554687	4.052718162536621	110618	12533000
48.268543243408203	4.052516937255859	110618	12533100
48.268611907958984	4.052332878112792	110618	12533200
48.268688201904296	4.052172183990478	110618	12533300
48.268775939941406	4.052030086517333	110618	12533400
48.268775939941406	4.052030086517333	110618	12533400
48.268867492675781	4.051907062530517	110618	12533500
48.268966674804687	4.051796913146972	110618	12533600
48.269073486328125	4.051708221435546	110618	12533700
48.269176483154296	4.051638126373291	110618	12533800
48.269275665283203	4.051585197448730	110618	12533900
48.269275665283203	4.051585197448730	110618	12533900
48.269363403320312	4.051549911499023	110618	12534000
48.269447326660156	4.051515102386474	110618	12534100
48.269527435302734	4.051467895507812	110618	12534200
48.269596099853515	4.051413059234619	110618	12534300
48.269657135009765	4.051352024078369	110618	12534400
48.269657135009765	4.051352024078369	110618	12534400
48.269706726074218	4.051288127899169	110618	12534500
48.269760131835937	4.051225185394287	110618	12534600
48.269824981689453	4.051177024841308	110618	12534700
48.269893646240234	4.051139831542968	110618	12534800
48.269962310791015	4.051097869873046	110618	12534900
48.269962310791015	4.051097869873046	110618	12534900
48.270034790039062	4.051037788391113	110618	12535000
48.270099639892578	4.050961971282958	110618	12535100
48.270153045654296	4.050861835479736	110618	12535200
48.270191192626953	4.050739765167236	110618	12535300
48.270210266113281	4.050602912902832	110618	12535400
48.270210266113281	4.050602912902832	110618	12535400
48.270217895507812	4.050461769104003	110618	12535500
48.270221710205078	4.050323009490966	110618	12535600
48.270236968994140	4.050185203552246	110618	12535700
48.270275115966796	4.050049781799316	110618	12535800
48.270339965820312	4.049920082092285	110618	12535900
48.270339965820312	4.049920082092285	110618	12535900
48.270427703857421	4.049791812896728	110618	12540000
48.270530700683593	4.049652099609375	110618	12540100
48.270648956298828	4.049498081207275	110618	12540200
48.270774841308593	4.049337863922119	110618	12540300
48.270912170410156	4.049171924591064	110618	12540400
48.270912170410156	4.049171924591064	110618	12540400
48.271053314208984	4.048997879028320	110618	12540500
48.271209716796875	4.048824787139892	110618	12540600
48.271373748779296	4.048653125762939	110618	12540700
48.271549224853515	4.048478126525878	110618	12540800
48.271736145019531	4.048303127288818	110618	12540900
48.271736145019531	4.048303127288818	110618	12540900
48.271930694580078	4.048130035400390	110618	12541000
48.272136688232421	4.047955036163330	110618	12541100
48.272335052490234	4.047781944274902	110618	12541200
48.272537231445312	4.047607898712158	110618	12541300
48.272735595703125	4.047434806823730	110618	12541400
48.272735595703125	4.047434806823730	110618	12541400
48.272937774658203	4.047259807586669	110618	12541500
48.273136138916015	4.047081947326660	110618	12541600
48.273326873779296	4.046903133392333	110618	12541700
48.273525238037109	4.046721935272216	110618	12541800
48.273719787597656	4.046537876129150	110618	12541900
48.273719787597656	4.046537876129150	110618	12541900
48.273918151855468	4.046354770660400	110618	12542000
48.274120330810546	4.046175003051757	110618	12542100
48.274318695068359	4.045998096466064	110618	12542200
48.274520874023437	4.045827865600585	110618	12542300
48.274723052978515	4.045662879943847	110618	12542400
48.274723052978515	4.045662879943847	110618	12542400
48.274925231933593	4.045493125915527	110618	12542500
48.275123596191406	4.045318126678466	110618	12542600
48.275325775146484	4.045142173767089	110618	12542700
48.275524139404296	4.044967174530029	110618	12542800
48.275718688964843	4.044789791107177	110618	12542900
48.275718688964843	4.044789791107177	110618	12542900
48.275920867919921	4.044610023498535	110618	12543000
48.276119232177734	4.044429779052734	110618	12543100
48.276317596435546	4.044248104095458	110618	12543200
48.276512145996093	4.044063091278076	110618	12543300
48.276710510253906	4.043879985809326	110618	12543400
48.276710510253906	4.043879985809326	110618	12543400
48.276912689208984	4.043700218200683	110618	12543500
48.277107238769531	4.043521881103515	110618	12543600
48.277305603027343	4.043343067169189	110618	12543700
48.277503967285156	4.043165206909179	110618	12543800
48.277702331542968	4.042987823486328	110618	12543900
48.277702331542968	4.042987823486328	110618	12543900
48.277904510498046	4.042812824249267	110618	12544000
48.278102874755859	4.042636871337890	110618	12544100
48.278305053710937	4.042459964752197	110618	12544200
48.278499603271484	4.042283058166503	110618	12544300
48.278701782226562	4.042108058929443	110618	12544400
48.278701782226562	4.042108058929443	110618	12544400
48.278900146484375	4.041930198669433	110618	12544500
48.279094696044921	4.041752815246582	110618	12544600
48.279296875000000	4.041576862335205	110618	12544700
48.279491424560546	4.041408061981201	110618	12544800
48.279693603515625	4.041246891021728	110618	12544900
48.279693603515625	4.041246891021728	110618	12544900
48.279895782470703	4.041091918945312	110618	12545000
48.280113220214843	4.040947914123535	110618	12545100
48.280319213867187	4.040812969207763	110618	12545200
48.280536651611328	4.040685176849365	110618	12545300
48.280757904052734	4.040563106536865	110618	12545400
48.280757904052734	4.040563106536865	110618	12545400
48.280975341796875	4.040452003479003	110618	12545500
48.281200408935546	4.040349960327148	110618	12545600
48.281425476074218	4.040256977081298	110618	12545700
48.281650543212890	4.040173053741455	110618	12545800
48.281879425048828	4.040102958679199	110618	12545900
48.281879425048828	4.040102958679199	110618	12545900
48.282112121582031	4.040042877197265	110618	12550000
48.282341003417968	4.039992809295654	110618	12550100
48.282573699951171	4.039951801300048	110618	12550200
48.282798767089843	4.039922237396240	110618	12550300
48.283027648925781	4.039899826049804	110618	12550400
48.283027648925781	4.039899826049804	110618	12550400
48.283252716064453	4.039883136749267	110618	12550500
48.283477783203125	4.039876937866210	110618	12550600
48.283702850341796	4.039876937866210	110618	12550700
48.283931732177734	4.039886951446533	110618	12550800
48.284164428710937	4.039905071258544	110618	12550900
48.284164428710937	4.039905071258544	110618	12550900
48.284400939941406	4.039931774139404	110618	12551000
48.284633636474609	4.039958000183105	110618	12551100
48.284862518310546	4.039987087249755	110618	12551200
48.285091400146484	4.040011882781982	110618	12551300
48.285320281982421	4.040037155151367	110618	12551400
48.285320281982421	4.040037155151367	110618	12551400
48.285552978515625	4.040061950683593	110618	12551500
48.285774230957031	4.040088176727294	110618	12551600
48.286003112792968	4.040116786956787	110618	12551700
48.286228179931640	4.040142059326171	110618	12551800
48.286453247070312	4.040157794952392	110618	12551900
48.286453247070312	4.040157794952392	110618	12551900
48.286678314208984	4.040162086486816	110618	12552000
48.286903381347656	4.040147781372070	110618	12552100
48.287128448486328	4.040114879608154	110618	12552200
48.287349700927734	4.040064811706542	110618	12552300
48.287563323974609	4.039998054504394	110618	12552400
48.287563323974609	4.039998054504394	110618	12552400
48.287776947021484	4.039915084838867	110618	12552500
48.287990570068359	4.039816856384277	110618	12552600
48.288196563720703	4.039701938629150	110618	12552700
48.288398742675781	4.039571762084960	110618	12552800
48.288593292236328	4.039428234100341	110618	12552900
48.288593292236328	4.039428234100341	110618	12552900
48.288787841796875	4.039268016815185	110618	12553000
48.288974761962890	4.039096832275390	110618	12553100
48.289161682128906	4.038911819458007	110618	12553200
48.289333343505859	4.038716793060302	110618	12553300
48.289505004882812	4.038507938385009	110618	12553400
48.289505004882812	4.038507938385009	110618	12553400
48.289672851562500	4.038284778594970	110618	12553500
48.289829254150390	4.038052082061767	110618	12553600
48.289974212646484	4.037807941436767	110618	12553700
48.290122985839843	4.037559986114501	110618	12553800
48.290271759033203	4.037310123443603	110618	12553900
48.290271759033203	4.037310123443603	110618	12553900
48.290416717529296	4.037059783935546	110618	12554000
48.290565490722656	4.036808013916015	110618	12554100
48.290710449218750	4.036558151245117	110618	12554200
48.290855407714843	4.036306858062744	110618	12554300
48.291000366210937	4.036052227020263	110618	12554400
48.291000366210937	4.036052227020263	110618	12554400
48.291152954101562	4.035795211791992	110618	12554500
48.291301727294921	4.035540103912353	110618	12554600
48.291446685791015	4.035286903381347	110618	12554700
48.291599273681640	4.035037040710449	110618	12554800
48.291755676269531	4.034792900085449	110618	12554900
48.291755676269531	4.034792900085449	110618	12554900
48.291904449462890	4.034542083740234	110618	12555000
48.292049407958984	4.034286975860595	110618	12555100
48.292194366455078	4.034029960632324	110618	12555200
48.292343139648437	4.033771991729736	110618	12555300
48.292488098144531	4.033514976501464	110618	12555400
48.292488098144531	4.033514976501464	110618	12555400
48.292640686035156	4.033259868621826	110618	12555500
48.292789459228515	4.033007144927978	110618	12555600
48.292945861816406	4.032762050628662	110618	12555700
48.293098449707031	4.032522201538085	110618	12555800
48.293262481689453	4.032289981842041	110618	12555900
48.293262481689453	4.032289981842041	110618	12555900
48.293430328369140	4.032067775726318	110618	12560000
48.293609619140625	4.031855106353759	110618	12560100
48.293788909912109	4.031651973724365	110618	12560200
48.293975830078125	4.031455039978027	110618	12560300
48.294166564941406	4.031267166137695	110618	12560400
48.294166564941406	4.031267166137695	110618	12560400
48.294364929199218	4.031086921691894	110618	12560500
48.294563293457031	4.030911922454833	110618	12560600
48.294769287109375	4.030742168426513	110618	12560700
48.294975280761718	4.030574798583984	110618	12560800
48.295185089111328	4.030412197113037	110618	12560900
48.295185089111328	4.030412197113037	110618	12560900
48.295391082763671	4.030248165130615	110618	12561000
48.295597076416015	4.030086994171142	110618	12561100
48.295803070068359	4.029924869537353	110618	12561200
48.296009063720703	4.029763221740722	110618	12561300
48.296211242675781	4.029603004455566	110618	12561400
48.296211242675781	4.029603004455566	110618	12561400
48.296417236328125	4.029441833496093	110618	12561500
48.296619415283203	4.029280185699462	110618	12561600
48.296825408935546	4.029119968414306	110618	12561700
48.297027587890625	4.028960227966308	110618	12561800
48.297233581542968	4.028801918029785	110618	12561900
48.297233581542968	4.028801918029785	110618	12561900
48.297431945800781	4.028642177581787	110618	12562000
48.297641754150390	4.028481960296630	110618	12562100
48.297840118408203	4.028322219848632	110618	12562200
48.298046112060546	4.028162956237792	110618	12562300
48.298248291015625	4.028005123138427	110618	12562400
48.298248291015625	4.028005123138427	110618	12562400
48.298450469970703	4.027846813201904	110618	12562500
48.298656463623046	4.027685165405273	110618	12562600
48.298862457275390	4.027524948120117	110618	12562700
48.299072265625000	4.027359962463378	110618	12562800
48.299274444580078	4.027196884155273	110618	12562900
48.299274444580078	4.027196884155273	110618	12562900
48.299480438232421	4.027031898498535	110618	12563000
48.299686431884765	4.026865005493164	110618	12563100
48.299892425537109	4.026701927185058	110618	12563200
48.300094604492187	4.026537895202636	110618	12563300
48.300304412841796	4.026372909545898	110618	12563400
48.300304412841796	4.026372909545898	110618	12563400
48.300506591796875	4.026209831237792	110618	12563500
48.300712585449218	4.026047229766845	110618	12563600
48.300914764404296	4.025885105133056	110618	12563700
48.301116943359375	4.025722980499267	110618	12563800
48.301319122314453	4.025565147399902	110618	12563900
48.301319122314453	4.025565147399902	110618	12563900
48.301521301269531	4.025403022766113	110618	12564000
48.301723480224609	4.025242805480957	110618	12564100
48.301929473876953	4.025084972381591	110618	12564200
48.302127838134765	4.024927139282226	110618	12564300
48.302322387695312	4.024773120880126	110618	12564400
48.302322387695312	4.024773120880126	110618	12564400
48.302524566650390	4.024618148803710	110618	12564500
48.302722930908203	4.024465084075927	110618	12564600
48.302928924560546	4.024312973022460	110618	12564700
48.303127288818359	4.024167060852050	110618	12564800
48.303337097167968	4.024023056030273	110618	12564900
48.303337097167968	4.024023056030273	110618	12564900
48.303543090820312	4.023888111114501	110618	12565000
48.303752899169921	4.023756980895996	110618	12565100
48.303962707519531	4.023634910583496	110618	12565200
48.304172515869140	4.023517131805419	110618	12565300
48.304382324218750	4.023403167724609	110618	12565400
48.304382324218750	4.023403167724609	110618	12565400
48.304599761962890	4.023292064666748	110618	12565500
48.304809570312500	4.023180007934570	110618	12565600
48.305023193359375	4.023069858551025	110618	12565700
48.305236816406250	4.022966861724853	110618	12565800
48.305450439453125	4.022872924804687	110618	12565900
48.305450439453125	4.022872924804687	110618	12565900
48.305671691894531	4.022788047790527	110618	12570000
48.305892944335937	4.022709846496582	110618	12570100
48.306114196777343	4.022636890411376	110618	12570200
48.306335449218750	4.022572994232177	110618	12570300
48.306560516357421	4.022514820098876	110618	12570400
48.306560516357421	4.022514820098876	110618	12570400
48.306785583496093	4.022462844848632	110618	12570500
48.307003021240234	4.022417068481445	110618	12570600
48.307231903076171	4.022371768951416	110618	12570700
48.307456970214843	4.022332191467285	110618	12570800
48.307685852050781	4.022293090820312	110618	12570900
48.307685852050781	4.022293090820312	110618	12570900
48.307910919189453	4.022253036499023	110618	12571000
48.308143615722656	4.022212982177734	110618	12571100
48.308368682861328	4.022171974182128	110618	12571200
48.308597564697265	4.022131919860839	110618	12571300
48.308822631835937	4.022089958190917	110618	12571400
48.308822631835937	4.022089958190917	110618	12571400
48.309047698974609	4.022047996520996	110618	12571500
48.309280395507812	4.022006988525390	110618	12571600
48.309509277343750	4.021965026855468	110618	12571700
48.309734344482421	4.021924972534179	110618	12571800
48.309959411621093	4.021883010864257	110618	12571900
48.309959411621093	4.021883010864257	110618	12571900
48.310192108154296	4.021842956542968	110618	12572000
48.310417175292968	4.021802902221679	110618	12572100
48.310642242431640	4.021762847900390	110618	12572200
48.310871124267578	4.021722793579101	110618	12572300
48.311096191406250	4.021683216094970	110618	12572400
48.311096191406250	4.021683216094970	110618	12572400
48.311321258544921	4.021645069122314	110618	12572500
48.311546325683593	4.021606922149658	110618	12572600
48.311775207519531	4.021564960479736	110618	12572700
48.312000274658203	4.021524906158447	110618	12572800
48.312225341796875	4.021484851837158	110618	12572900
48.312225341796875	4.021484851837158	110618	12572900
48.312446594238281	4.021444797515869	110618	12573000
48.312679290771484	4.021402835845947	110618	12573100
48.312911987304687	4.021359920501708	110618	12573200
48.313144683837890	4.021317958831787	110618	12573300
48.313373565673828	4.021275043487548	110618	12573400
48.313373565673828	4.021275043487548	110618	12573400
48.313598632812500	4.021234989166259	110618	12573500
48.313831329345703	4.021193027496337	110618	12573600
48.314060211181640	4.021152019500732	110618	12573700
48.314289093017578	4.021111965179443	110618	12573800
48.314521789550781	4.021070003509521	110618	12573900
48.314521789550781	4.021070003509521	110618	12573900
48.314750671386718	4.021028041839599	110618	12574000
48.314983367919921	4.020987033843994	110618	12574100
48.315216064453125	4.020943164825439	110618	12574200
48.315448760986328	4.020902156829833	110618	12574300
48.315681457519531	4.020860195159912	110618	12574400
48.315681457519531	4.020860195159912	110618	12574400
48.315914154052734	4.020822048187255	110618	12574500
48.316150665283203	4.020792961120605	110618	12574600
48.316387176513671	4.020778179168701	110618	12574700
48.316623687744140	4.020778179168701	110618	12574800
48.316856384277343	4.020790100097656	110618	12574900
48.316856384277343	4.020790100097656	110618	12574900
48.317089080810546	4.020812988281250	110618	12575000
48.317321777343750	4.020850181579589	110618	12575100
48.317546844482421	4.020897865295410	110618	12575200
48.317768096923828	4.020959854125976	110618	12575300
48.317993164062500	4.021035194396972	110618	12575400
48.317993164062500	4.021035194396972	110618	12575400
48.318210601806640	4.021121978759765	110618	12575500
48.318431854248046	4.021226882934570	110618	12575600
48.318641662597656	4.021345138549804	110618	12575700
48.318847656250000	4.021477222442626	110618	12575800
48.319053649902343	4.021622180938720	110618	12575900
48.319053649902343	4.021622180938720	110618	12575900
48.319252014160156	4.021778106689453	110618	12580000
48.319446563720703	4.021944999694824	110618	12580100
48.319641113281250	4.022124767303466	110618	12580200
48.319824218750000	4.022316932678222	110618	12580300
48.320007324218750	4.022518157958984	110618	12580400
48.320007324218750	4.022518157958984	110618	12580400
48.320178985595703	4.022733211517333	110618	12580500
48.320346832275390	4.022957801818847	110618	12580600
48.320507049560546	4.023191928863525	110618	12580700
48.320663452148437	4.023437023162841	110618	12580800
48.320812225341796	4.023690223693847	110618	12580900
48.320812225341796	4.023690223693847	110618	12580900
48.320957183837890	4.023954868316650	110618	12581000
48.321090698242187	4.024227142333984	110618	12581100
48.321224212646484	4.024505138397216	110618	12581200
48.321350097656250	4.024785041809082	110618	12581300
48.321479797363281	4.025066852569580	110618	12581400
48.321479797363281	4.025066852569580	110618	12581400
48.321609497070312	4.025342941284179	110618	12581500
48.321743011474609	4.025612831115722	110618	12581600
48.321884155273437	4.025875091552734	110618	12581700
48.322036743164062	4.026126861572265	110618	12581800
48.322200775146484	4.026367187500000	110618	12581900
48.322200775146484	4.026367187500000	110618	12581900
48.322368621826171	4.026591777801513	110618	12582000
48.322544097900390	4.026804924011230	110618	12582100
48.322723388671875	4.027005195617675	110618	12582200
48.322910308837890	4.027190208435058	110618	12582300
48.323108673095703	4.027361869812011	110618	12582400
48.323108673095703	4.027361869812011	110618	12582400
48.323310852050781	4.027517795562744	110618	12582500
48.323516845703125	4.027663230895996	110618	12582600
48.323722839355468	4.027798175811767	110618	12582700
48.323932647705078	4.027925014495849	110618	12582800
48.324142456054687	4.028048038482666	110618	12582900
48.324142456054687	4.028048038482666	110618	12582900
48.324352264404296	4.028172016143798	110618	12583000
48.324558258056640	4.028296947479248	110618	12583100
48.324768066406250	4.028421878814697	110618	12583200
48.324970245361328	4.028552055358886	110618	12583300
48.325172424316406	4.028691768646240	110618	12583400
48.325172424316406	4.028691768646240	110618	12583400
48.325366973876953	4.028842926025390	110618	12583500
48.325561523437500	4.029006958007812	110618	12583600
48.325748443603515	4.029184818267822	110618	12583700
48.325931549072265	4.029377937316894	110618	12583800
48.326107025146484	4.029588222503662	110618	12583900
48.326107025146484	4.029588222503662	110618	12583900
48.326278686523437	4.029811859130859	110618	12584000
48.326438903808593	4.030049800872802	110618	12584100
48.326599121093750	4.030304908752441	110618	12584200
48.326747894287109	4.030571937561035	110618	12584300
48.326889038085937	4.030849933624267	110618	12584400
48.326889038085937	4.030849933624267	110618	12584400
48.327014923095703	4.031142234802246	110618	12584500
48.327136993408203	4.031445026397705	110618	12584600
48.327247619628906	4.031760215759277	110618	12584700
48.327350616455078	4.032084941864013	110618	12584800
48.327438354492187	4.032417774200439	110618	12584900
48.327438354492187	4.032417774200439	110618	12584900
48.327514648437500	4.032756805419921	110618	12585000
48.327587127685546	4.033094882965087	110618	12585100
48.327655792236328	4.033432006835937	110618	12585200
48.327720642089843	4.033762931823730	110618	12585300
48.327789306640625	4.034092903137207	110618	12585400
48.327789306640625	4.034092903137207	110618	12585400
48.327854156494140	4.034420013427734	110618	12585500
48.327919006347656	4.034748077392578	110618	12585600
48.327987670898437	4.035075187683105	110618	12585700
48.328052520751953	4.035402774810791	110618	12585800
48.328113555908203	4.035729885101318	110618	12585900
48.328113555908203	4.035729885101318	110618	12585900
48.328174591064453	4.036056995391845	110618	12590000
48.328239440917968	4.036382198333740	110618	12590100
48.328304290771484	4.036706924438476	110618	12590200
48.328369140625000	4.037032127380371	110618	12590300
48.328437805175781	4.037356853485107	110618	12590400
48.328437805175781	4.037356853485107	110618	12590400
48.328502655029296	4.037683010101318	110618	12590500
48.328567504882812	4.038010120391845	110618	12590600
48.328636169433593	4.038337230682373	110618	12590700
48.328701019287109	4.038664817810058	110618	12590800
48.328765869140625	4.038991928100585	110618	12590900
48.328765869140625	4.038991928100585	110618	12590900
48.328830718994140	4.039319992065429	110618	12591000
48.328895568847656	4.039647102355957	110618	12591100
48.328968048095703	4.039975166320800	110618	12591200
48.329032897949218	4.040303230285644	110618	12591300
48.329105377197265	4.040635108947753	110618	12591400
48.329105377197265	4.040635108947753	110618	12591400
48.329166412353515	4.040966987609863	110618	12591500
48.329235076904296	4.041297912597656	110618	12591600
48.329303741455078	4.041629791259765	110618	12591700
48.329368591308593	4.041962146759033	110618	12591800
48.329437255859375	4.042292118072509	110618	12591900
48.329437255859375	4.042292118072509	110618	12591900
48.329494476318359	4.042623043060302	110618	12592000
48.329559326171875	4.042957782745361	110618	12592100
48.329612731933593	4.043292999267578	110618	12592200
48.329654693603515	4.043632030487060	110618	12592300
48.329696655273437	4.043972969055175	110618	12592400
48.329696655273437	4.043972969055175	110618	12592400
48.329727172851562	4.044316768646240	110618	12592500
48.329753875732421	4.044662952423095	110618	12592600
48.329765319824218	4.045010089874267	110618	12592700
48.329769134521484	4.045360088348388	110618	12592800
48.329765319824218	4.045708179473876	110618	12592900
48.329765319824218	4.045708179473876	110618	12592900
48.329753875732421	4.046057224273681	110618	12593000
48.329727172851562	4.046402931213378	110618	12593100
48.329700469970703	4.046748161315917	110618	12593200
48.329662322998046	4.047088146209716	110618	12593300
48.329612731933593	4.047424793243408	110618	12593400
48.329612731933593	4.047424793243408	110618	12593400
48.329555511474609	4.047761917114257	110618	12593500
48.329490661621093	4.048089981079101	110618	12593600
48.329425811767578	4.048415184020996	110618	12593700
48.329349517822265	4.048733234405517	110618	12593800
48.329265594482421	4.049046993255615	110618	12593900
48.329265594482421	4.049046993255615	110618	12593900
48.329177856445312	4.049356937408447	110618	12594000
48.329086303710937	4.049662113189697	110618	12594100
48.328998565673828	4.049967765808105	110618	12594200
48.328910827636718	4.050271987915039	110618	12594300
48.328826904296875	4.050574779510498	110618	12594400
48.328826904296875	4.050574779510498	110618	12594400
48.328742980957031	4.050879955291748	110618	12594500
48.328655242919921	4.051181793212890	110618	12594600
48.328571319580078	4.051486968994140	110618	12594700
48.328487396240234	4.051790237426757	110618	12594800
48.328399658203125	4.052090167999267	110618	12594900
48.328399658203125	4.052090167999267	110618	12594900
48.328319549560546	4.052392959594726	110618	12595000
48.328235626220703	4.052698135375976	110618	12595100
48.328155517578125	4.053007125854492	110618	12595200
48.328083038330078	4.053317070007324	110618	12595300
48.328014373779296	4.053633213043212	110618	12595400
48.328014373779296	4.053633213043212	110618	12595400
48.327960968017578	4.053953170776367	110618	12595500
48.327903747558593	4.054279804229736	110618	12595600
48.327854156494140	4.054612159729003	110618	12595700
48.327816009521484	4.054943084716796	110618	12595800
48.327785491943359	4.055277824401855	110618	12595900
48.327785491943359	4.055277824401855	110618	12595900
48.327758789062500	4.055614948272705	110618	13000000
48.327743530273437	4.055952072143554	110618	13000100
48.327735900878906	4.056286811828613	110618	13000200
48.327728271484375	4.056622982025146	110618	13000300
48.327720642089843	4.056958198547363	110618	13000400
48.327720642089843	4.056958198547363	110618	13000400
48.327716827392578	4.057294845581054	110618	13000500
48.327713012695312	4.057630062103271	110618	13000600
48.327713012695312	4.057964801788330	110618	13000700
48.327709197998046	4.058300018310546	110618	13000800
48.327705383300781	4.058638095855712	110618	13000900
48.327705383300781	4.058638095855712	110618	13000900
48.327705383300781	4.058975219726562	110618	13001000
48.327697753906250	4.059315204620361	110618	13001100
48.327697753906250	4.059655189514160	110618	13001200
48.327690124511718	4.059995174407958	110618	13001300
48.327686309814453	4.060337066650390	110618	13001400
48.327686309814453	4.060337066650390	110618	13001400
48.327686309814453	4.060677051544189	110618	13001500
48.327678680419921	4.061017990112304	110618	13001600
48.327678680419921	4.061359882354736	110618	13001700
48.327674865722656	4.061703205108642	110618	13001800
48.327671051025390	4.062047004699707	110618	13001900
48.327671051025390	4.062047004699707	110618	13001900
48.327671051025390	4.062389850616455	110618	13002000
48.327667236328125	4.062735080718994	110618	13002100
48.327663421630859	4.063079833984375	110618	13002200
48.327655792236328	4.063425064086914	110618	13002300
48.327651977539062	4.063769817352294	110618	13002400
48.327651977539062	4.063769817352294	110618	13002400
48.327648162841796	4.064113140106201	110618	13002500
48.327644348144531	4.064459800720214	110618	13002600
48.327640533447265	4.064805030822753	110618	13002700
48.327640533447265	4.065149784088134	110618	13002800
48.327636718750000	4.065493106842041	110618	13002900
48.327636718750000	4.065493106842041	110618	13002900
48.327632904052734	4.065836906433105	110618	13003000
48.327629089355468	4.066177845001220	110618	13003100
48.327625274658203	4.066517829895019	110618	13003200
48.327625274658203	4.066853046417236	110618	13003300
48.327617645263671	4.067190170288085	110618	13003400
48.327617645263671	4.067190170288085	110618	13003400
48.327613830566406	4.067523002624511	110618	13003500
48.327613830566406	4.067858219146728	110618	13003600
48.327606201171875	4.068192005157470	110618	13003700
48.327602386474609	4.068524837493896	110618	13003800
48.327602386474609	4.068860054016113	110618	13003900
48.327602386474609	4.068860054016113	110618	13003900
48.327598571777343	4.069197177886962	110618	13004000
48.327590942382812	4.069534778594970	110618	13004100
48.327583312988281	4.069872856140136	110618	13004200
48.327575683593750	4.070211887359619	110618	13004300
48.327575683593750	4.070549964904785	110618	13004400
48.327575683593750	4.070549964904785	110618	13004400
48.327575683593750	4.070889949798583	110618	13004500
48.327575683593750	4.071231842041015	110618	13004600
48.327579498291015	4.071571826934814	110618	13004700
48.327583312988281	4.071911811828613	110618	13004800
48.327590942382812	4.072253227233886	110618	13004900
48.327590942382812	4.072253227233886	110618	13004900
48.327598571777343	4.072595119476318	110618	13005000
48.327613830566406	4.072937965393066	110618	13005100
48.327632904052734	4.073277950286865	110618	13005200
48.327651977539062	4.073617935180664	110618	13005300
48.327678680419921	4.073956966400146	110618	13005400
48.327678680419921	4.073956966400146	110618	13005400
48.327709197998046	4.074295043945312	110618	13005500
48.327739715576171	4.074633121490478	110618	13005600
48.327777862548828	4.074967861175537	110618	13005700
48.327816009521484	4.075302124023437	110618	13005800
48.327865600585937	4.075633049011230	110618	13005900
48.327865600585937	4.075633049011230	110618	13005900
48.327911376953125	4.075963020324707	110618	13010000
48.327968597412109	4.076292991638183	110618	13010100
48.328025817871093	4.076622009277343	110618	13010200
48.328079223632812	4.076948165893554	110618	13010300
48.328140258789062	4.077274799346923	110618	13010400
48.328140258789062	4.077274799346923	110618	13010400
48.328205108642578	4.077598094940185	110618	13010500
48.328273773193359	4.077919960021972	110618	13010600
48.328346252441406	4.078239917755126	110618	13010700
48.328422546386718	4.078555107116699	110618	13010800
48.328506469726562	4.078867912292480	110618	13010900
48.328506469726562	4.078867912292480	110618	13010900
48.328590393066406	4.079179763793945	110618	13011000
48.328678131103515	4.079490184783935	110618	13011100
48.328769683837890	4.079798221588134	110618	13011200
48.328857421875000	4.080107212066650	110618	13011300
48.328948974609375	4.080417156219482	110618	13011400
48.328948974609375	4.080417156219482	110618	13011400
48.329040527343750	4.080725193023681	110618	13011500
48.329128265380859	4.081035137176513	110618	13011600
48.329219818115234	4.081345081329345	110618	13011700
48.329311370849609	4.081656932830810	110618	13011800
48.329402923583984	4.081966876983642	110618	13011900
48.329402923583984	4.081966876983642	110618	13011900
48.329490661621093	4.082277774810791	110618	13012000
48.329582214355468	4.082590103149414	110618	13012100
48.329677581787109	4.082901954650878	110618	13012200
48.329765319824218	4.083215236663818	110618	13012300
48.329856872558593	4.083528041839599	110618	13012400
48.329856872558593	4.083528041839599	110618	13012400
48.329948425292968	4.083841800689697	110618	13012500
48.330039978027343	4.084156990051269	110618	13012600
48.330127716064453	4.084467887878417	110618	13012700
48.330219268798828	4.084783077239990	110618	13012800
48.330310821533203	4.085096836090087	110618	13012900
48.330310821533203	4.085096836090087	110618	13012900
48.330402374267578	4.085408210754394	110618	13013000
48.330505371093750	4.085717201232910	110618	13013100
48.330600738525390	4.086022853851318	110618	13013200
48.330696105957031	4.086329936981201	110618	13013300
48.330795288085937	4.086637973785400	110618	13013400
48.330795288085937	4.086637973785400	110618	13013400
48.330886840820312	4.086949825286865	110618	13013500
48.330982208251953	4.087262153625488	110618	13013600
48.331077575683593	4.087576866149902	110618	13013700
48.331165313720703	4.087890148162841	110618	13013800
48.331256866455078	4.088202953338623	110618	13013900
48.331256866455078	4.088202953338623	110618	13013900
48.331348419189453	4.088517189025878	110618	13014000
48.331439971923828	4.088828086853027	110618	13014100
48.331527709960937	4.089139938354492	110618	13014200
48.331619262695312	4.089451789855957	110618	13014300
48.331710815429687	4.089762210845947	110618	13014400
48.331710815429687	4.089762210845947	110618	13014400
48.331798553466796	4.090073108673095	110618	13014500
48.331886291503906	4.090383052825927	110618	13014600
48.331981658935546	4.090692996978759	110618	13014700
48.332069396972656	4.091004848480224	110618	13014800
48.332160949707031	4.091317176818847	110618	13014900
48.332160949707031	4.091317176818847	110618	13014900
48.332248687744140	4.091629981994628	110618	13015000
48.332336425781250	4.091942787170410	110618	13015100
48.332431793212890	4.092255115509033	110618	13015200
48.332519531250000	4.092569828033447	110618	13015300
48.332611083984375	4.092883110046386	110618	13015400
48.332611083984375	4.092883110046386	110618	13015400
48.332702636718750	4.093196868896484	110618	13015500
48.332794189453125	4.093506813049316	110618	13015600
48.332889556884765	4.093817234039306	110618	13015700
48.332977294921875	4.094127178192138	110618	13015800
48.333065032958984	4.094437122344970	110618	13015900
48.333065032958984	4.094437122344970	110618	13015900
48.333152770996093	4.094748020172119	110618	13020000
48.333244323730468	4.095059871673583	110618	13020100
48.333332061767578	4.095372200012207	110618	13020200
48.333423614501953	4.095685005187988	110618	13020300
48.333511352539062	4.095994949340820	110618	13020400
48.333511352539062	4.095994949340820	110618	13020400
48.333602905273437	4.096306800842285	110618	13020500
48.333694458007812	4.096618175506591	110618	13020600
48.333789825439453	4.096930027008056	110618	13020700
48.333877563476562	4.097242832183837	110618	13020800
48.333969116210937	4.097555160522460	110618	13020900
48.333969116210937	4.097555160522460	110618	13020900
48.334056854248046	4.097867965698242	110618	13021000
48.334148406982421	4.098182201385498	110618	13021100
48.334239959716796	4.098496913909912	110618	13021200
48.334327697753906	4.098814964294433	110618	13021300
48.334423065185546	4.099127769470214	110618	13021400
48.334423065185546	4.099127769470214	110618	13021400
48.334510803222656	4.099442005157470	110618	13021500
48.334602355957031	4.099758148193359	110618	13021600
48.334690093994140	4.100077152252197	110618	13021700
48.334785461425781	4.100395202636718	110618	13021800
48.334873199462890	4.100711822509765	110618	13021900
48.334873199462890	4.100711822509765	110618	13021900
48.334953308105468	4.101027965545654	110618	13022000
48.335037231445312	4.101346969604492	110618	13022100
48.335124969482421	4.101663112640380	110618	13022200
48.335212707519531	4.101980209350585	110618	13022300
48.335300445556640	4.102296829223632	110618	13022400
48.335300445556640	4.102296829223632	110618	13022400
48.335384368896484	4.102612972259521	110618	13022500
48.335460662841796	4.102934837341308	110618	13022600
48.335529327392578	4.103261947631835	110618	13022700
48.335582733154296	4.103592872619628	110618	13022800
48.335628509521484	4.103927135467529	110618	13022900
48.335628509521484	4.103927135467529	110618	13022900
48.335655212402343	4.104261875152587	110618	13023000
48.335662841796875	4.104592800140380	110618	13023100
48.335655212402343	4.104927062988281	110618	13023200
48.335624694824218	4.105257987976074	110618	13023300
48.335571289062500	4.105582237243652	110618	13023400
48.335571289062500	4.105582237243652	110618	13023400
48.335502624511718	4.105897903442382	110618	13023500
48.335414886474609	4.106202125549316	110618	13023600
48.335311889648437	4.106488227844238	110618	13023700
48.335189819335937	4.106761932373046	110618	13023800
48.335048675537109	4.107027053833007	110618	13023900
48.335048675537109	4.107027053833007	110618	13023900
48.334896087646484	4.107272148132324	110618	13024000
48.334728240966796	4.107494831085205	110618	13024100
48.334545135498046	4.107695102691650	110618	13024200
48.334350585937500	4.107872962951660	110618	13024300
48.334144592285156	4.108025074005126	110618	13024400
48.334144592285156	4.108025074005126	110618	13024400
48.333927154541015	4.108152866363525	110618	13024500
48.333709716796875	4.108263015747070	110618	13024600
48.333480834960937	4.108356952667236	110618	13024700
48.333251953125000	4.108441829681396	110618	13024800
48.333023071289062	4.108521938323974	110618	13024900
48.333023071289062	4.108521938323974	110618	13024900
48.332794189453125	4.108603000640869	110618	13025000
48.332569122314453	4.108695030212402	110618	13025100
48.332344055175781	4.108801841735839	110618	13025200
48.332126617431640	4.108928203582763	110618	13025300
48.331916809082031	4.109082221984863	110618	13025400
48.331916809082031	4.109082221984863	110618	13025400
48.331710815429687	4.109258174896240	110618	13025500
48.331520080566406	4.109461784362792	110618	13025600
48.331340789794921	4.109684944152832	110618	13025700
48.331169128417968	4.109924793243408	110618	13025800
48.331008911132812	4.110175132751464	110618	13025900
48.331008911132812	4.110175132751464	110618	13025900
48.330848693847656	4.110433101654052	110618	13030000
48.330688476562500	4.110694885253906	110618	13030100
48.330535888671875	4.110962867736816	110618	13030200
48.330383300781250	4.111233234405517	110618	13030300
48.330230712890625	4.111505031585693	110618	13030400
48.330230712890625	4.111505031585693	110618	13030400
48.330074310302734	4.111774921417236	110618	13030500
48.329921722412109	4.112041950225830	110618	13030600
48.329765319824218	4.112301826477050	110618	13030700
48.329608917236328	4.112553119659423	110618	13030800
48.329463958740234	4.112798213958740	110618	13030900
48.329463958740234	4.112798213958740	110618	13030900
48.329311370849609	4.113048076629638	110618	13031000
48.329154968261718	4.113303184509277	110618	13031100
48.328998565673828	4.113560199737548	110618	13031200
48.328842163085937	4.113814830780029	110618	13031300
48.328689575195312	4.114069938659667	110618	13031400
48.328689575195312	4.114069938659667	110618	13031400
48.328536987304687	4.114325046539306	110618	13031500
48.328380584716796	4.114576816558837	110618	13031600
48.328224182128906	4.114822864532470	110618	13031700
48.328063964843750	4.115069866180419	110618	13031800
48.327907562255859	4.115317821502685	110618	13031900
48.327907562255859	4.115317821502685	110618	13031900
48.327751159667968	4.115568161010742	110618	13032000
48.327594757080078	4.115819931030273	110618	13032100
48.327438354492187	4.116073131561279	110618	13032200
48.327289581298828	4.116324901580810	110618	13032300
48.327133178710937	4.116578102111816	110618	13032400
48.327133178710937	4.116578102111816	110618	13032400
48.326984405517578	4.116833209991455	110618	13032500
48.326831817626953	4.117096900939941	110618	13032600
48.326675415039062	4.117356777191162	110618	13032700
48.326519012451171	4.117615222930908	110618	13032800
48.326362609863281	4.117866992950439	110618	13032900
48.326362609863281	4.117866992950439	110618	13032900
48.326206207275390	4.118114948272705	110618	13033000
48.326049804687500	4.118350028991699	110618	13033100
48.325885772705078	4.118579864501953	110618	13033200
48.325714111328125	4.118803024291992	110618	13033300
48.325542449951171	4.119022846221923	110618	13033400
48.325542449951171	4.119022846221923	110618	13033400
48.325363159179687	4.119236946105957	110618	13033500
48.325183868408203	4.119442939758300	110618	13033600
48.324993133544921	4.119637012481689	110618	13033700
48.324794769287109	4.119818210601806	110618	13033800
48.324592590332031	4.119987964630126	110618	13033900
48.324592590332031	4.119987964630126	110618	13033900
48.324390411376953	4.120144844055175	110618	13034000
48.324184417724609	4.120286941528320	110618	13034100
48.323966979980468	4.120411872863769	110618	13034200
48.323753356933593	4.120526790618896	110618	13034300
48.323535919189453	4.120633125305175	110618	13034400
48.323535919189453	4.120633125305175	110618	13034400
48.323310852050781	4.120729923248291	110618	13034500
48.323089599609375	4.120812892913818	110618	13034600
48.322864532470703	4.120886802673339	110618	13034700
48.322635650634765	4.120944976806640	110618	13034800
48.322402954101562	4.120989799499511	110618	13034900
48.322402954101562	4.120989799499511	110618	13034900
48.322170257568359	4.121017932891845	110618	13035000
48.321937561035156	4.121033191680908	110618	13035100
48.321704864501953	4.121035099029541	110618	13035200
48.321475982666015	4.121027946472167	110618	13035300
48.321243286132812	4.121009826660156	110618	13035400
48.321243286132812	4.121009826660156	110618	13035400
48.321010589599609	4.120982170104980	110618	13035500
48.320785522460937	4.120944976806640	110618	13035600
48.320552825927734	4.120907783508300	110618	13035700
48.320320129394531	4.120872020721435	110618	13035800
48.320091247558593	4.120837211608886	110618	13035900
48.320091247558593	4.120837211608886	110618	13035900
48.319866180419921	4.120808124542236	110618	13040000
48.319641113281250	4.120788097381591	110618	13040100
48.319412231445312	4.120781898498535	110618	13040200
48.319179534912109	4.120788097381591	110618	13040300
48.318946838378906	4.120811939239501	110618	13040400
48.318946838378906	4.120811939239501	110618	13040400
48.318721771240234	4.120850086212158	110618	13040500
48.318492889404296	4.120904922485351	110618	13040600
48.318267822265625	4.120973110198974	110618	13040700
48.318042755126953	4.121057033538818	110618	13040800
48.317825317382812	4.121152877807617	110618	13040900
48.317825317382812	4.121152877807617	110618	13040900
48.317607879638671	4.121263027191162	110618	13041000
48.317390441894531	4.121385097503662	110618	13041100
48.317188262939453	4.121521949768066	110618	13041200
48.316974639892578	4.121673107147216	110618	13041300
48.316772460937500	4.121838092803955	110618	13041400
48.316772460937500	4.121838092803955	110618	13041400
48.316570281982421	4.122016906738281	110618	13041500
48.316379547119140	4.122207164764404	110618	13041600
48.316192626953125	4.122409820556640	110618	13041700
48.316009521484375	4.122630119323730	110618	13041800
48.315837860107421	4.122861862182617	110618	13041900
48.315837860107421	4.122861862182617	110618	13041900
48.315662384033203	4.123105049133300	110618	13042000
48.315502166748046	4.123357772827148	110618	13042100
48.315345764160156	4.123622894287109	110618	13042200
48.315196990966796	4.123898029327392	110618	13042300
48.315052032470703	4.124179840087890	110618	13042400
48.315052032470703	4.124179840087890	110618	13042400
48.314914703369140	4.124466896057128	110618	13042500
48.314785003662109	4.124757766723632	110618	13042600
48.314651489257812	4.125052928924560	110618	13042700
48.314521789550781	4.125349998474121	110618	13042800
48.314392089843750	4.125647068023681	110618	13042900
48.314392089843750	4.125647068023681	110618	13042900
48.314262390136718	4.125943183898925	110618	13043000
48.314128875732421	4.126237869262695	110618	13043100
48.313999176025390	4.126530170440673	110618	13043200
48.313873291015625	4.126820087432861	110618	13043300
48.313743591308593	4.127110004425048	110618	13043400
48.313743591308593	4.127110004425048	110618	13043400
48.313613891601562	4.127398014068603	110618	13043500
48.313484191894531	4.127683162689208	110618	13043600
48.313354492187500	4.127964973449707	110618	13043700
48.313224792480468	4.128242969512939	110618	13043800
48.313079833984375	4.128517150878906	110618	13043900
48.313079833984375	4.128517150878906	110618	13043900
48.312931060791015	4.128783226013183	110618	13044000
48.312778472900390	4.129043102264404	110618	13044100
48.312625885009765	4.129292011260986	110618	13044200
48.312454223632812	4.129529953002929	110618	13044300
48.312286376953125	4.129759788513183	110618	13044400
48.312286376953125	4.129759788513183	110618	13044400
48.312110900878906	4.129981994628906	110618	13044500
48.311935424804687	4.130193233489990	110618	13044600
48.311752319335937	4.130396842956542	110618	13044700
48.311561584472656	4.130589962005615	110618	13044800
48.311367034912109	4.130772113800048	110618	13044900
48.311367034912109	4.130772113800048	110618	13044900
48.311168670654296	4.130942821502685	110618	13045000
48.310966491699218	4.131104946136474	110618	13045100
48.310760498046875	4.131259918212890	110618	13045200
48.310550689697265	4.131402969360351	110618	13045300
48.310337066650390	4.131536960601806	110618	13045400
48.310337066650390	4.131536960601806	110618	13045400
48.310119628906250	4.131657123565673	110618	13045500
48.309894561767578	4.131766796112060	110618	13045600
48.309677124023437	4.131865024566650	110618	13045700
48.309448242187500	4.131951808929443	110618	13045800
48.309223175048828	4.132027149200439	110618	13045900
48.309223175048828	4.132027149200439	110618	13045900
48.308990478515625	4.132090091705322	110618	13050000
48.308761596679687	4.132142066955566	110618	13050100
48.308525085449218	4.132182121276855	110618	13050200
48.308288574218750	4.132209777832031	110618	13050300
48.308055877685546	4.132226943969726	110618	13050400
48.308055877685546	4.132226943969726	110618	13050400
48.307823181152343	4.132235050201416	110618	13050500
48.307590484619140	4.132236957550048	110618	13050600
48.307361602783203	4.132235050201416	110618	13050700
48.307128906250000	4.132233142852783	110618	13050800
48.306896209716796	4.132232189178466	110618	13050900
48.306896209716796	4.132232189178466	110618	13050900
48.306663513183593	4.132227897644042	110618	13051000
48.306427001953125	4.132219791412353	110618	13051100
48.306194305419921	4.132209777832031	110618	13051200
48.305961608886718	4.132196903228759	110618	13051300
48.305728912353515	4.132184982299804	110618	13051400
48.305728912353515	4.132184982299804	110618	13051400
48.305492401123046	4.132174968719482	110618	13051500
48.305255889892578	4.132167816162109	110618	13051600
48.305030822753906	4.132163047790527	110618	13051700
48.304798126220703	4.132160186767578	110618	13051800
48.304573059082031	4.132156848907470	110618	13051900
48.304573059082031	4.132156848907470	110618	13051900
48.304344177246093	4.132154941558837	110618	13052000
48.304119110107421	4.132153034210205	110618	13052100
48.303890228271484	4.132152080535888	110618	13052200
48.303665161132812	4.132152080535888	110618	13052300
48.303436279296875	4.132153034210205	110618	13052400
48.303436279296875	4.132153034210205	110618	13052400
48.303207397460937	4.132163047790527	110618	13052500
48.302982330322265	4.132177829742431	110618	13052600
48.302757263183593	4.132199764251708	110618	13052700
48.302528381347656	4.132229804992675	110618	13052800
48.302303314208984	4.132273197174072	110618	13052900
48.302303314208984	4.132273197174072	110618	13052900
48.302074432373046	4.132329940795898	110618	13053000
48.301849365234375	4.132398128509521	110618	13053100
48.301620483398437	4.132474899291992	110618	13053200
48.301395416259765	4.132563114166259	110618	13053300
48.301166534423828	4.132661819458007	110618	13053400
48.301166534423828	4.132661819458007	110618	13053400
48.300949096679687	4.132768154144287	110618	13053500
48.300727844238281	4.132884979248046	110618	13053600
48.300510406494140	4.133011817932128	110618	13053700
48.300296783447265	4.133148193359375	110618	13053800
48.300086975097656	4.133292198181152	110618	13053900
48.300086975097656	4.133292198181152	110618	13053900
48.299880981445312	4.133442878723144	110618	13054000
48.299671173095703	4.133602142333984	110618	13054100
48.299468994140625	4.133769989013671	110618	13054200
48.299270629882812	4.133946895599365	110618	13054300
48.299076080322265	4.134134769439697	110618	13054400
48.299076080322265	4.134134769439697	110618	13054400
48.298889160156250	4.134329795837402	110618	13054500
48.298702239990234	4.134531974792480	110618	13054600
48.298522949218750	4.134731769561767	110618	13054700
48.298347473144531	4.134932041168212	110618	13054800
48.298175811767578	4.135131835937500	110618	13054900
48.298175811767578	4.135131835937500	110618	13054900
48.298004150390625	4.135333061218261	110618	13055000
48.297836303710937	4.135537147521972	110618	13055100
48.297676086425781	4.135737895965576	110618	13055200
48.297512054443359	4.135932922363281	110618	13055300
48.297351837158203	4.136123180389404	110618	13055400
48.297351837158203	4.136123180389404	110618	13055400
48.297199249267578	4.136306762695312	110618	13055500
48.297050476074218	4.136477947235107	110618	13055600
48.296913146972656	4.136640071868896	110618	13055700
48.296772003173828	4.136787891387939	110618	13055800
48.296642303466796	4.136921882629394	110618	13055900
48.296642303466796	4.136921882629394	110618	13055900
48.296524047851562	4.137042045593261	110618	13060000
48.296417236328125	4.137143135070800	110618	13060100
48.296314239501953	4.137231826782226	110618	13060200
48.296226501464843	4.137301921844482	110618	13060300
48.296146392822265	4.137342929840087	110618	13060400
48.296146392822265	4.137342929840087	110618	13060400
48.296070098876953	4.137357234954833	110618	13060500
48.295997619628906	4.137334823608398	110618	13060600
48.295925140380859	4.137300014495849	110618	13060700
48.295856475830078	4.137268066406250	110618	13060800
48.295787811279296	4.137261867523193	110618	13060900
48.295787811279296	4.137261867523193	110618	13060900
48.295722961425781	4.137279987335205	110618	13061000
48.295669555664062	4.137320041656494	110618	13061100
48.295619964599609	4.137380123138427	110618	13061200
48.295585632324218	4.137452125549316	110618	13061300
48.295558929443359	4.137529850006103	110618	13061400
48.295558929443359	4.137529850006103	110618	13061400
48.295528411865234	4.137615203857421	110618	13061500
48.295478820800781	4.137690067291259	110618	13061600
48.295402526855468	4.137753009796142	110618	13061700
48.295295715332031	4.137810230255126	110618	13061800
48.295177459716796	4.137867927551269	110618	13061900
48.295177459716796	4.137867927551269	110618	13061900
48.295047760009765	4.137927055358886	110618	13062000
48.294898986816406	4.137989997863769	110618	13062100
48.294734954833984	4.138057231903076	110618	13062200
48.294559478759765	4.138127803802490	110618	13062300
48.294376373291015	4.138203144073486	110618	13062400
48.294376373291015	4.138203144073486	110618	13062400
48.294185638427734	4.138281822204589	110618	13062500
48.293983459472656	4.138362884521484	110618	13062600
48.293777465820312	4.138450145721435	110618	13062700
48.293556213378906	4.138537883758544	110618	13062800
48.293331146240234	4.138629913330078	110618	13062900
48.293331146240234	4.138629913330078	110618	13062900
48.293102264404296	4.138722896575927	110618	13063000
48.292881011962890	4.138813018798828	110618	13063100
48.292655944824218	4.138902187347412	110618	13063200
48.292430877685546	4.138989925384521	110618	13063300
48.292209625244140	4.139074802398681	110618	13063400
48.292209625244140	4.139074802398681	110618	13063400
48.291984558105468	4.139156818389892	110618	13063500
48.291763305664062	4.139233112335205	110618	13063600
48.291534423828125	4.139299869537353	110618	13063700
48.291313171386718	4.139358043670654	110618	13063800
48.291088104248046	4.139404773712158	110618	13063900
48.291088104248046	4.139404773712158	110618	13063900
48.290859222412109	4.139441967010498	110618	13064000
48.290630340576171	4.139468193054199	110618	13064100
48.290405273437500	4.139484882354736	110618	13064200
48.290176391601562	4.139492034912109	110618	13064300
48.289947509765625	4.139488220214843	110618	13064400
48.289947509765625	4.139488220214843	110618	13064400
48.289714813232421	4.139472961425781	110618	13064500
48.289489746093750	4.139450073242187	110618	13064600
48.289257049560546	4.139417171478271	110618	13064700
48.289031982421875	4.139375209808349	110618	13064800
48.288799285888671	4.139325141906738	110618	13064900
48.288799285888671	4.139325141906738	110618	13064900
48.288574218750000	4.139265060424804	110618	13065000
48.288352966308593	4.139194965362548	110618	13065100
48.288127899169921	4.139116764068603	110618	13065200
48.287902832031250	4.139028072357177	110618	13065300
48.287689208984375	4.138932228088378	110618	13065400
48.287689208984375	4.138932228088378	110618	13065400
48.287471771240234	4.138826847076416	110618	13065500
48.287254333496093	4.138711929321289	110618	13065600
48.287048339843750	4.138586997985839	110618	13065700
48.286838531494140	4.138450145721435	110618	13065800
48.286636352539062	4.138305187225341	110618	13065900
48.286636352539062	4.138305187225341	110618	13065900
48.286434173583984	4.138153076171875	110618	13070000
48.286235809326171	4.137992858886718	110618	13070100
48.286041259765625	4.137827873229980	110618	13070200
48.285846710205078	4.137652873992919	110618	13070300
48.285655975341796	4.137469768524169	110618	13070400
48.285655975341796	4.137469768524169	110618	13070400
48.285472869873046	4.137279987335205	110618	13070500
48.285289764404296	4.137082099914550	110618	13070600
48.285110473632812	4.136875152587890	110618	13070700
48.284938812255859	4.136662960052490	110618	13070800
48.284767150878906	4.136445045471191	110618	13070900
48.284767150878906	4.136445045471191	110618	13070900
48.284603118896484	4.136215209960937	110618	13071000
48.284439086914062	4.135976791381835	110618	13071100
48.284282684326171	4.135732173919677	110618	13071200
48.284130096435546	4.135479927062988	110618	13071300
48.283985137939453	4.135221958160400	110618	13071400
48.283985137939453	4.135221958160400	110618	13071400
48.283840179443359	4.134960174560546	110618	13071500
48.283695220947265	4.134692192077636	110618	13071600
48.283565521240234	4.134419918060302	110618	13071700
48.283435821533203	4.134141921997070	110618	13071800
48.283313751220703	4.133860111236572	110618	13071900
48.283313751220703	4.133860111236572	110618	13071900
48.283191680908203	4.133576869964599	110618	13072000
48.283069610595703	4.133293151855468	110618	13072100
48.282947540283203	4.133009910583496	110618	13072200
48.282829284667968	4.132724761962890	110618	13072300
48.282707214355468	4.132440090179443	110618	13072400
48.282707214355468	4.132440090179443	110618	13072400
48.282588958740234	4.132153034210205	110618	13072500
48.282463073730468	4.131865024566650	110618	13072600
48.282344818115234	4.131575107574462	110618	13072700
48.282215118408203	4.131285190582275	110618	13072800
48.282096862792968	4.130994796752929	110618	13072900
48.282096862792968	4.130994796752929	110618	13072900
48.281974792480468	4.130702972412109	110618	13073000
48.281856536865234	4.130413055419921	110618	13073100
48.281734466552734	4.130123138427734	110618	13073200
48.281616210937500	4.129833221435546	110618	13073300
48.281494140625000	4.129545211791992	110618	13073400
48.281494140625000	4.129545211791992	110618	13073400
48.281372070312500	4.129254817962646	110618	13073500
48.281253814697265	4.128966808319091	110618	13073600
48.281127929687500	4.128676891326904	110618	13073700
48.281005859375000	4.128386974334716	110618	13073800
48.280883789062500	4.128097057342529	110618	13073900
48.280883789062500	4.128097057342529	110618	13073900
48.280761718750000	4.127805233001708	110618	13074000
48.280635833740234	4.127512931823730	110618	13074100
48.280513763427734	4.127222061157226	110618	13074200
48.280387878417968	4.126932144165039	110618	13074300
48.280265808105468	4.126642227172851	110618	13074400
48.280265808105468	4.126642227172851	110618	13074400
48.280136108398437	4.126352787017822	110618	13074500
48.280017852783203	4.126070022583007	110618	13074600
48.279903411865234	4.125792980194091	110618	13074700
48.279792785644531	4.125527858734130	110618	13074800
48.279678344726562	4.125273227691650	110618	13074900
48.279678344726562	4.125273227691650	110618	13074900
48.279575347900390	4.125027179718017	110618	13075000
48.279479980468750	4.124793052673339	110618	13075100
48.279384613037109	4.124569892883300	110618	13075200
48.279296875000000	4.124360084533691	110618	13075300
48.279216766357421	4.124165058135986	110618	13075400
48.279216766357421	4.124165058135986	110618	13075400
48.279151916503906	4.123991966247558	110618	13075500
48.279106140136718	4.123836994171142	110618	13075600
48.279094696044921	4.123700141906738	110618	13075700
48.279102325439453	4.123575210571289	110618	13075800
48.279121398925781	4.123456954956054	110618	13075900
48.279121398925781	4.123456954956054	110618	13075900
48.279106140136718	4.123346805572509	110618	13080000
48.279071807861328	4.123258113861083	110618	13080100
48.279006958007812	4.123198032379150	110618	13080200
48.278919219970703	4.123169898986816	110618	13080300
48.278823852539062	4.123157978057861	110618	13080400
48.278823852539062	4.123157978057861	110618	13080400
48.278720855712890	4.123122215270996	110618	13080500
48.278606414794921	4.123043060302734	110618	13080600
48.278495788574218	4.122928142547607	110618	13080700
48.278377532958984	4.122793197631835	110618	13080800
48.278255462646484	4.122653007507324	110618	13080900
48.278255462646484	4.122653007507324	110618	13080900
48.278129577636718	4.122509956359863	110618	13081000
48.277999877929687	4.122364997863769	110618	13081100
48.277866363525390	4.122217178344726	110618	13081200
48.277732849121093	4.122066974639892	110618	13081300
48.277591705322265	4.121914863586425	110618	13081400
48.277591705322265	4.121914863586425	110618	13081400
48.277454376220703	4.121761798858642	110618	13081500
48.277320861816406	4.121607780456542	110618	13081600
48.277183532714843	4.121457099914550	110618	13081700
48.277046203613281	4.121304988861083	110618	13081800
48.276912689208984	4.121150016784667	110618	13081900
48.276912689208984	4.121150016784667	110618	13081900
48.276767730712890	4.120989799499511	110618	13082000
48.276618957519531	4.120828151702880	110618	13082100
48.276466369628906	4.120662212371826	110618	13082200
48.276313781738281	4.120494842529296	110618	13082300
48.276157379150390	4.120323181152343	110618	13082400
48.276157379150390	4.120323181152343	110618	13082400
48.275989532470703	4.120148181915283	110618	13082500
48.275817871093750	4.119969844818115	110618	13082600
48.275630950927734	4.119788169860839	110618	13082700
48.275447845458984	4.119615077972412	110618	13082800
48.275264739990234	4.119444847106933	110618	13082900
48.275264739990234	4.119444847106933	110618	13082900
48.275077819824218	4.119281768798828	110618	13083000
48.274883270263671	4.119122982025146	110618	13083100
48.274688720703125	4.118969917297363	110618	13083200
48.274494171142578	4.118823051452636	110618	13083300
48.274295806884765	4.118687152862548	110618	13083400
48.274295806884765	4.118687152862548	110618	13083400
48.274105072021484	4.118557929992675	110618	13083500
48.273902893066406	4.118440151214599	110618	13083600
48.273704528808593	4.118331909179687	110618	13083700
48.273506164550781	4.118233203887939	110618	13083800
48.273307800292968	4.118143081665039	110618	13083900
48.273307800292968	4.118143081665039	110618	13083900
48.273113250732421	4.118062019348144	110618	13084000
48.272914886474609	4.117988109588623	110618	13084100
48.272724151611328	4.117921829223632	110618	13084200
48.272529602050781	4.117862224578857	110618	13084300
48.272335052490234	4.117807865142822	110618	13084400
48.272335052490234	4.117807865142822	110618	13084400
48.272140502929687	4.117763042449951	110618	13084500
48.271942138671875	4.117724895477294	110618	13084600
48.271747589111328	4.117690086364746	110618	13084700
48.271553039550781	4.117658138275146	110618	13084800
48.271358489990234	4.117630004882812	110618	13084900
48.271358489990234	4.117630004882812	110618	13084900
48.271163940429687	4.117599964141845	110618	13085000
48.270969390869140	4.117568016052246	110618	13085100
48.270774841308593	4.117537021636962	110618	13085200
48.270584106445312	4.117505073547363	110618	13085300
48.270393371582031	4.117473125457763	110618	13085400
48.270393371582031	4.117473125457763	110618	13085400
48.270198822021484	4.117443084716796	110618	13085500
48.270011901855468	4.117414951324462	110618	13085600
48.269824981689453	4.117383003234863	110618	13085700
48.269634246826171	4.117352962493896	110618	13085800
48.269447326660156	4.117322921752929	110618	13085900
48.269447326660156	4.117322921752929	110618	13085900
48.269264221191406	4.117292881011962	110618	13090000
48.269081115722656	4.117261886596679	110618	13090100
48.268890380859375	4.117229938507080	110618	13090200
48.268707275390625	4.117197990417480	110618	13090300
48.268527984619140	4.117169857025146	110618	13090400
48.268527984619140	4.117169857025146	110618	13090400
48.268356323242187	4.117142200469970	110618	13090500
48.268188476562500	4.117115020751953	110618	13090600
48.268028259277343	4.117087841033935	110618	13090700
48.267879486083984	4.117064952850341	110618	13090800
48.267742156982421	4.117043018341064	110618	13090900
48.267742156982421	4.117043018341064	110618	13090900
48.267627716064453	4.117022991180419	110618	13091000
48.267536163330078	4.117008209228515	110618	13091100
48.267463684082031	4.116996765136718	110618	13091200
48.267398834228515	4.116984844207763	110618	13091300
48.267345428466796	4.116974830627441	110618	13091400
48.267345428466796	4.116974830627441	110618	13091400
48.267288208007812	4.116962909698486	110618	13091500
48.267242431640625	4.116948127746582	110618	13091600
48.267200469970703	4.116930007934570	110618	13091700
48.267150878906250	4.116902828216552	110618	13091800
48.267105102539062	4.116865158081054	110618	13091900
48.267105102539062	4.116865158081054	110618	13091900
48.267055511474609	4.116809844970703	110618	13092000
48.267013549804687	4.116744995117187	110618	13092100
48.266956329345703	4.116693019866943	110618	13092200
48.266895294189453	4.116668224334716	110618	13092300
48.266830444335937	4.116670131683349	110618	13092400
48.266830444335937	4.116670131683349	110618	13092400
48.266769409179687	4.116702079772949	110618	13092500
48.266696929931640	4.116752147674560	110618	13092600
48.266616821289062	4.116792201995849	110618	13092700
48.266529083251953	4.116807937622070	110618	13092800
48.266422271728515	4.116807937622070	110618	13092900
48.266422271728515	4.116807937622070	110618	13092900
48.266315460205078	4.116796970367431	110618	13093000
48.266208648681640	4.116783142089843	110618	13093100
48.266090393066406	4.116763114929199	110618	13093200
48.265960693359375	4.116742134094238	110618	13093300
48.265823364257812	4.116717815399169	110618	13093400
48.265823364257812	4.116717815399169	110618	13093400
48.265678405761718	4.116692066192626	110618	13093500
48.265525817871093	4.116664886474609	110618	13093600
48.265373229980468	4.116637229919433	110618	13093700
48.265216827392578	4.116607189178466	110618	13093800
48.265052795410156	4.116577148437500	110618	13093900
48.265052795410156	4.116577148437500	110618	13093900
48.264884948730468	4.116547107696533	110618	13094000
48.264717102050781	4.116517066955566	110618	13094100
48.264549255371093	4.116487026214599	110618	13094200
48.264385223388671	4.116456985473632	110618	13094300
48.264217376708984	4.116427898406982	110618	13094400
48.264217376708984	4.116427898406982	110618	13094400
48.264053344726562	4.116399765014648	110618	13094500
48.263889312744140	4.116372108459472	110618	13094600
48.263732910156250	4.116342067718505	110618	13094700
48.263580322265625	4.116312980651855	110618	13094800
48.263435363769531	4.116287231445312	110618	13094900
48.263435363769531	4.116287231445312	110618	13094900
48.263305664062500	4.116262912750244	110618	13095000
48.263191223144531	4.116242885589599	110618	13095100
48.263092041015625	4.116222858428955	110618	13095200
48.263008117675781	4.116207122802734	110618	13095300
48.262939453125000	4.116192817687988	110618	13095400
48.262939453125000	4.116192817687988	110618	13095400
48.262878417968750	4.116181850433349	110618	13095500
48.262828826904296	4.116172790527343	110618	13095600
48.262786865234375	4.116165161132812	110618	13095700
48.262748718261718	4.116158008575439	110618	13095800
48.262710571289062	4.116151809692382	110618	13095900
48.262710571289062	4.116151809692382	110618	13095900
48.262672424316406	4.116143226623535	110618	13100000
48.262622833251953	4.116131782531738	110618	13100100
48.262569427490234	4.116113185882568	110618	13100200
48.262512207031250	4.116082191467285	110618	13100300
48.262454986572265	4.116026878356933	110618	13100400
48.262454986572265	4.116026878356933	110618	13100400
48.262413024902343	4.115946769714355	110618	13100500
48.262371063232421	4.115859985351562	110618	13100600
48.262325286865234	4.115785121917724	110618	13100700
48.262264251708984	4.115737915039062	110618	13100800
48.262195587158203	4.115726947784423	110618	13100900
48.262195587158203	4.115726947784423	110618	13100900
48.262123107910156	4.115752220153808	110618	13101000
48.262054443359375	4.115805149078369	110618	13101100
48.261985778808593	4.115859985351562	110618	13101200
48.261901855468750	4.115897178649902	110618	13101300
48.261802673339843	4.115918159484863	110618	13101400
48.261802673339843	4.115918159484863	110618	13101400
48.261703491210937	4.115931987762451	110618	13101500
48.261592864990234	4.115940093994140	110618	13101600
48.261470794677734	4.115944862365722	110618	13101700
48.261333465576171	4.115946769714355	110618	13101800
48.261177062988281	4.115948200225830	110618	13101900
48.261177062988281	4.115948200225830	110618	13101900
48.261009216308593	4.115950107574462	110618	13102000
48.260822296142578	4.115952968597412	110618	13102100
48.260639190673828	4.115956783294677	110618	13102200
48.260456085205078	4.115960121154785	110618	13102300
48.260272979736328	4.115962982177734	110618	13102400
48.260272979736328	4.115962982177734	110618	13102400
48.260078430175781	4.115964889526367	110618	13102500
48.259887695312500	4.115968227386474	110618	13102600
48.259693145751953	4.115972042083740	110618	13102700
48.259490966796875	4.115972995758056	110618	13102800
48.259288787841796	4.115976810455322	110618	13102900
48.259288787841796	4.115976810455322	110618	13102900
48.259075164794921	4.115982055664062	110618	13103000
48.258850097656250	4.115986824035644	110618	13103100
48.258625030517578	4.115992069244384	110618	13103200
48.258392333984375	4.115997791290283	110618	13103300
48.258159637451171	4.116004943847656	110618	13103400
48.258159637451171	4.116004943847656	110618	13103400
48.257926940917968	4.116012096405029	110618	13103500
48.257690429687500	4.116016864776611	110618	13103600
48.257457733154296	4.116022109985351	110618	13103700
48.257225036621093	4.116020202636718	110618	13103800
48.256988525390625	4.116013050079345	110618	13103900
48.256988525390625	4.116013050079345	110618	13103900
48.256755828857421	4.115996837615966	110618	13104000
48.256519317626953	4.115970134735107	110618	13104100
48.256286621093750	4.115931987762451	110618	13104200
48.256057739257812	4.115884780883789	110618	13104300
48.255832672119140	4.115825176239013	110618	13104400
48.255832672119140	4.115825176239013	110618	13104400
48.255599975585937	4.115756988525390	110618	13104500
48.255371093750000	4.115677833557128	110618	13104600
48.255149841308593	4.115590095520019	110618	13104700
48.254920959472656	4.115495204925537	110618	13104800
48.254703521728515	4.115387916564941	110618	13104900
48.254703521728515	4.115387916564941	110618	13104900
48.254489898681640	4.115272998809814	110618	13105000
48.254280090332031	4.115151882171630	110618	13105100
48.254074096679687	4.115025043487548	110618	13105200
48.253875732421875	4.114890098571777	110618	13105300
48.253681182861328	4.114748001098632	110618	13105400
48.253681182861328	4.114748001098632	110618	13105400
48.253482818603515	4.114602088928222	110618	13105500
48.253295898437500	4.114452838897705	110618	13105600
48.253108978271484	4.114303112030029	110618	13105700
48.252929687500000	4.114154815673828	110618	13105800
48.252750396728515	4.114007949829101	110618	13105900
48.252750396728515	4.114007949829101	110618	13105900
48.252578735351562	4.113866806030273	110618	13110000
48.252407073974609	4.113728046417236	110618	13110100
48.252246856689453	4.113595008850097	110618	13110200
48.252090454101562	4.113470077514648	110618	13110300
48.251945495605468	4.113352775573730	110618	13110400
48.251945495605468	4.113352775573730	110618	13110400
48.251808166503906	4.113243103027343	110618	13110500
48.251682281494140	4.113140106201171	110618	13110600
48.251571655273437	4.113048076629638	110618	13110700
48.251472473144531	4.112961769104003	110618	13110800
48.251377105712890	4.112882137298583	110618	13110900
48.251377105712890	4.112882137298583	110618	13110900
48.251293182373046	4.112810134887695	110618	13111000
48.251220703125000	4.112748146057128	110618	13111100
48.251159667968750	4.112695217132568	110618	13111200
48.251106262207031	4.112649917602539	110618	13111300
48.251068115234375	4.112611770629882	110618	13111400
48.251068115234375	4.112611770629882	110618	13111400
48.251026153564453	4.112577915191650	110618	13111500
48.250991821289062	4.112545013427734	110618	13111600
48.250953674316406	4.112507820129394	110618	13111700
48.250915527343750	4.112466812133789	110618	13111800
48.250885009765625	4.112428188323974	110618	13111900
48.250885009765625	4.112428188323974	110618	13111900
48.250873565673828	4.112408161163330	110618	13112000
48.250873565673828	4.112402915954589	110618	13112100
48.250873565673828	4.112402915954589	110618	13112200
48.250873565673828	4.112402915954589	110618	13112300
48.250873565673828	4.112401962280273	110618	13112400
48.250873565673828	4.112401962280273	110618	13112400
48.250873565673828	4.112398147583007	110618	13112500
48.250873565673828	4.112397193908691	110618	13112600
48.250873565673828	4.112394809722900	110618	13112700
48.250862121582031	4.112380027770996	110618	13112800
48.250839233398437	4.112332820892333	110618	13112900
48.250839233398437	4.112332820892333	110618	13112900
48.250812530517578	4.112253189086914	110618	13113000
48.250804901123046	4.112153053283691	110618	13113100
48.250816345214843	4.112041950225830	110618	13113200
48.250869750976562	4.111917018890380	110618	13113300
48.250942230224609	4.111776828765869	110618	13113400
48.250942230224609	4.111776828765869	110618	13113400
48.251033782958984	4.111622810363769	110618	13113500
48.251125335693359	4.111456871032714	110618	13113600
48.251228332519531	4.111269950866699	110618	13113700
48.251335144042968	4.111074924468994	110618	13113800
48.251445770263671	4.110877990722656	110618	13113900
48.251445770263671	4.110877990722656	110618	13113900
48.251560211181640	4.110680103302001	110618	13114000
48.251670837402343	4.110477924346923	110618	13114100
48.251789093017578	4.110281944274902	110618	13114200
48.251903533935546	4.110077857971191	110618	13114300
48.252025604248046	4.109868049621582	110618	13114400
48.252025604248046	4.109868049621582	110618	13114400
48.252143859863281	4.109648227691650	110618	13114500
48.252273559570312	4.109425067901611	110618	13114600
48.252395629882812	4.109201908111572	110618	13114700
48.252521514892578	4.108977794647216	110618	13114800
48.252647399902343	4.108751773834228	110618	13114900
48.252647399902343	4.108751773834228	110618	13114900
48.252773284912109	4.108522891998291	110618	13115000
48.252895355224609	4.108294963836669	110618	13115100
48.253025054931640	4.108065128326416	110618	13115200
48.253147125244140	4.107831954956054	110618	13115300
48.253276824951171	4.107596874237060	110618	13115400
48.253276824951171	4.107596874237060	110618	13115400
48.253406524658203	4.107357025146484	110618	13115500
48.253540039062500	4.107114791870117	110618	13115600
48.253673553466796	4.106872081756591	110618	13115700
48.253807067871093	4.106627941131591	110618	13115800
48.253944396972656	4.106382846832275	110618	13115900
48.253944396972656	4.106382846832275	110618	13115900
48.254081726074218	4.106138229370117	110618	13120000
48.254207611083984	4.105893135070800	110618	13120100
48.254344940185546	4.105645179748535	110618	13120200
48.254470825195312	4.105397224426269	110618	13120300
48.254600524902343	4.105146884918212	110618	13120400
48.254600524902343	4.105146884918212	110618	13120400
48.254726409912109	4.104903221130371	110618	13120500
48.254856109619140	4.104657173156738	110618	13120600
48.254993438720703	4.104407787322998	110618	13120700
48.255119323730468	4.104159832000732	110618	13120800
48.255252838134765	4.103909969329833	110618	13120900
48.255252838134765	4.103909969329833	110618	13120900
48.255382537841796	4.103660106658935	110618	13121000
48.255516052246093	4.103409767150878	110618	13121100
48.255649566650390	4.103161811828613	110618	13121200
48.255775451660156	4.102914810180664	110618	13121300
48.255912780761718	4.102670192718505	110618	13121400
48.255912780761718	4.102670192718505	110618	13121400
48.256046295166015	4.102423191070556	110618	13121500
48.256187438964843	4.102177143096923	110618	13121600
48.256332397460937	4.101936817169189	110618	13121700
48.256477355957031	4.101696968078613	110618	13121800
48.256618499755859	4.101457118988037	110618	13121900
48.256618499755859	4.101457118988037	110618	13121900
48.256759643554687	4.101216793060302	110618	13122000
48.256904602050781	4.100977897644042	110618	13122100
48.257045745849609	4.100739955902099	110618	13122200
48.257183074951171	4.100504875183105	110618	13122300
48.257320404052734	4.100266933441162	110618	13122400
48.257320404052734	4.100266933441162	110618	13122400
48.257465362548828	4.100025177001953	110618	13122500
48.257606506347656	4.099781990051269	110618	13122600
48.257751464843750	4.099537849426269	110618	13122700
48.257896423339843	4.099293231964111	110618	13122800
48.258045196533203	4.099047183990478	110618	13122900
48.258045196533203	4.099047183990478	110618	13122900
48.258190155029296	4.098802089691162	110618	13123000
48.258346557617187	4.098559856414794	110618	13123100
48.258502960205078	4.098322868347167	110618	13123200
48.258663177490234	4.098093032836914	110618	13123300
48.258819580078125	4.097869873046875	110618	13123400
48.258819580078125	4.097869873046875	110618	13123400
48.258975982666015	4.097654819488525	110618	13123500
48.259136199951171	4.097449779510498	110618	13123600
48.259288787841796	4.097248077392578	110618	13123700
48.259437561035156	4.097054958343505	110618	13123800
48.259574890136718	4.096868038177490	110618	13123900
48.259574890136718	4.096868038177490	110618	13123900
48.259716033935546	4.096687793731689	110618	13124000
48.259849548339843	4.096512794494628	110618	13124100
48.259983062744140	4.096342086791992	110618	13124200
48.260112762451171	4.096171855926513	110618	13124300
48.260238647460937	4.096003055572509	110618	13124400
48.260238647460937	4.096003055572509	110618	13124400
48.260372161865234	4.095837116241455	110618	13124500
48.260494232177734	4.095670223236083	110618	13124600
48.260623931884765	4.095505237579345	110618	13124700
48.260734558105468	4.095332145690917	110618	13124800
48.260845184326171	4.095147132873535	110618	13124900
48.260845184326171	4.095147132873535	110618	13124900
48.260936737060546	4.094946861267089	110618	13125000
48.261009216308593	4.094735145568847	110618	13125100
48.261062622070312	4.094508171081542	110618	13125200
48.261100769042968	4.094270229339599	110618	13125300
48.261112213134765	4.094019889831542	110618	13125400
48.261112213134765	4.094019889831542	110618	13125400
48.261100769042968	4.093760013580322	110618	13125500
48.261066436767578	4.093492984771728	110618	13125600
48.261024475097656	4.093226909637451	110618	13125700
48.260974884033203	4.092963218688964	110618	13125800
48.260929107666015	4.092701911926269	110618	13125900
48.260929107666015	4.092701911926269	110618	13125900
48.260883331298828	4.092440128326416	110618	13130000
48.260845184326171	4.092183113098144	110618	13130100
48.260799407958984	4.091928005218505	110618	13130200
48.260761260986328	4.091674804687500	110618	13130300
48.260715484619140	4.091417789459228	110618	13130400
48.260715484619140	4.091417789459228	110618	13130400
48.260677337646484	4.091159820556640	110618	13130500
48.260639190673828	4.090905189514160	110618	13130600
48.260608673095703	4.090647220611572	110618	13130700
48.260585784912109	4.090386867523193	110618	13130800
48.260559082031250	4.090122222900390	110618	13130900
48.260559082031250	4.090122222900390	110618	13130900
48.260551452636718	4.089857101440429	110618	13131000
48.260547637939453	4.089578151702880	110618	13131100
48.260547637939453	4.089296817779541	110618	13131200
48.260551452636718	4.089017868041992	110618	13131300
48.260566711425781	4.088739871978759	110618	13131400
48.260566711425781	4.088739871978759	110618	13131400
48.260593414306640	4.088461875915527	110618	13131500
48.260616302490234	4.088182926177978	110618	13131600
48.260654449462890	4.087906837463378	110618	13131700
48.260704040527343	4.087635040283203	110618	13131800
48.260761260986328	4.087367057800292	110618	13131900
48.260761260986328	4.087367057800292	110618	13131900
48.260822296142578	4.087102890014648	110618	13132000
48.260887145996093	4.086844921112060	110618	13132100
48.260963439941406	4.086592197418212	110618	13132200
48.261043548583984	4.086342811584472	110618	13132300
48.261127471923828	4.086098194122314	110618	13132400
48.261127471923828	4.086098194122314	110618	13132400
48.261219024658203	4.085856914520263	110618	13132500
48.261310577392578	4.085615158081054	110618	13132600
48.261402130126953	4.085377216339111	110618	13132700
48.261497497558593	4.085136890411376	110618	13132800
48.261592864990234	4.084897041320800	110618	13132900
48.261592864990234	4.084897041320800	110618	13132900
48.261684417724609	4.084657192230224	110618	13133000
48.261779785156250	4.084417819976806	110618	13133100
48.261875152587890	4.084177017211914	110618	13133200
48.261970520019531	4.083934783935546	110618	13133300
48.262069702148437	4.083692073822021	110618	13133400
48.262069702148437	4.083692073822021	110618	13133400
48.262165069580078	4.083445072174072	110618	13133500
48.262264251708984	4.083195209503173	110618	13133600
48.262359619140625	4.082942008972167	110618	13133700
48.262454986572265	4.082686901092529	110618	13133800
48.262561798095703	4.082429885864257	110618	13133900
48.262561798095703	4.082429885864257	110618	13133900
48.262657165527343	4.082171916961669	110618	13134000
48.262760162353515	4.081912994384765	110618	13134100
48.262859344482421	4.081649780273437	110618	13134200
48.262958526611328	4.081383228302001	110618	13134300
48.263065338134765	4.081112861633300	110618	13134400
48.263065338134765	4.081112861633300	110618	13134400
48.263168334960937	4.080842018127441	110618	13134500
48.263278961181640	4.080566883087158	110618	13134600
48.263389587402343	4.080289840698242	110618	13134700
48.263496398925781	4.080011844635009	110618	13134800
48.263603210449218	4.079734802246093	110618	13134900
48.263603210449218	4.079734802246093	110618	13134900
48.263713836669921	4.079456806182861	110618	13135000
48.263824462890625	4.079179763793945	110618	13135100
48.263927459716796	4.078905105590820	110618	13135200
48.264034271240234	4.078628063201904	110618	13135300
48.264144897460937	4.078352928161621	110618	13135400
48.264144897460937	4.078352928161621	110618	13135400
48.264247894287109	4.078077793121337	110618	13135500
48.264350891113281	4.077805042266845	110618	13135600
48.264461517333984	4.077529907226562	110618	13135700
48.264568328857421	4.077257156372070	110618	13135800
48.264671325683593	4.076984882354736	110618	13135900
48.264671325683593	4.076984882354736	110618	13135900
48.264774322509765	4.076713085174560	110618	13140000
48.264884948730468	4.076443195343017	110618	13140100
48.264987945556640	4.076172828674316	110618	13140200
48.265090942382812	4.075908184051513	110618	13140300
48.265197753906250	4.075642108917236	110618	13140400
48.265197753906250	4.075642108917236	110618	13140400
48.265296936035156	4.075377941131591	110618	13140500
48.265399932861328	4.075112819671630	110618	13140600
48.265502929687500	4.074850082397460	110618	13140700
48.265609741210937	4.074582099914550	110618	13140800
48.265712738037109	4.074306964874267	110618	13140900
48.265712738037109	4.074306964874267	110618	13140900
48.265823364257812	4.074025154113769	110618	13141000
48.265926361083984	4.073744773864746	110618	13141100
48.266040802001953	4.073464870452880	110618	13141200
48.266143798828125	4.073184967041015	110618	13141300
48.266242980957031	4.072905063629150	110618	13141400
48.266242980957031	4.072905063629150	110618	13141400
48.266334533691406	4.072622776031494	110618	13141500
48.266433715820312	4.072338104248046	110618	13141600
48.266517639160156	4.072052001953125	110618	13141700
48.266601562500000	4.071760177612304	110618	13141800
48.266681671142578	4.071469783782958	110618	13141900
48.266681671142578	4.071469783782958	110618	13141900
48.266761779785156	4.071177959442138	110618	13142000
48.266830444335937	4.070885181427001	110618	13142100
48.266895294189453	4.070592880249023	110618	13142200
48.266960144042968	4.070300102233886	110618	13142300
48.267017364501953	4.070007801055908	110618	13142400
48.267017364501953	4.070007801055908	110618	13142400
48.267070770263671	4.069717884063720	110618	13142500
48.267120361328125	4.069427967071533	110618	13142600
48.267166137695312	4.069137096405029	110618	13142700
48.267208099365234	4.068838119506835	110618	13142800
48.267253875732421	4.068537235260009	110618	13142900
48.267253875732421	4.068537235260009	110618	13142900
48.267288208007812	4.068234920501708	110618	13143000
48.267318725585937	4.067934989929199	110618	13143100
48.267349243164062	4.067636966705322	110618	13143200
48.267372131347656	4.067337989807128	110618	13143300
48.267391204833984	4.067041873931884	110618	13143400
48.267391204833984	4.067041873931884	110618	13143400
48.267410278320312	4.066748142242431	110618	13143500
48.267433166503906	4.066458225250244	110618	13143600
48.267444610595703	4.066173076629638	110618	13143700
48.267459869384765	4.065893173217773	110618	13143800
48.267475128173828	4.065621852874755	110618	13143900
48.267475128173828	4.065621852874755	110618	13143900
48.267486572265625	4.065358161926269	110618	13144000
48.267505645751953	4.065102100372314	110618	13144100
48.267517089843750	4.064852237701416	110618	13144200
48.267528533935546	4.064610004425048	110618	13144300
48.267543792724609	4.064376831054687	110618	13144400
48.267543792724609	4.064376831054687	110618	13144400
48.267555236816406	4.064153194427490	110618	13144500
48.267566680908203	4.063938140869140	110618	13144600
48.267585754394531	4.063735008239746	110618	13144700
48.267597198486328	4.063539981842041	110618	13144800
48.267616271972656	4.063357830047607	110618	13144900
48.267616271972656	4.063357830047607	110618	13144900
48.267631530761718	4.063189983367919	110618	13145000
48.267654418945312	4.063032150268554	110618	13145100
48.267677307128906	4.062881946563720	110618	13145200
48.267696380615234	4.062739849090576	110618	13145300
48.267719268798828	4.062604904174804	110618	13145400
48.267719268798828	4.062604904174804	110618	13145400
48.267742156982421	4.062472820281982	110618	13145500
48.267765045166015	4.062349796295166	110618	13145600
48.267784118652343	4.062232971191406	110618	13145700
48.267803192138671	4.062127113342285	110618	13145800
48.267829895019531	4.062032222747802	110618	13145900
48.267829895019531	4.062032222747802	110618	13145900
48.267860412597656	4.061940193176269	110618	13150000
48.267902374267578	4.061852931976318	110618	13150100
48.267959594726562	4.061778068542480	110618	13150200
48.268024444580078	4.061727046966552	110618	13150300
48.268093109130859	4.061707019805908	110618	13150400
48.268093109130859	4.061707019805908	110618	13150400
48.268173217773437	4.061719894409179	110618	13150500
48.268253326416015	4.061755180358886	110618	13150600
48.268333435058593	4.061792850494384	110618	13150700
48.268413543701171	4.061831951141357	110618	13150800
48.268493652343750	4.061868190765380	110618	13150900
48.268493652343750	4.061868190765380	110618	13150900
48.268573760986328	4.061904907226562	110618	13151000
48.268646240234375	4.061940193176269	110618	13151100
48.268711090087890	4.061972141265869	110618	13151200
48.268768310546875	4.062015056610107	110618	13151300
48.268806457519531	4.062079906463623	110618	13151400
48.268806457519531	4.062079906463623	110618	13151400
48.268840789794921	4.062162876129150	110618	13151500
48.268867492675781	4.062252044677734	110618	13151600
48.268917083740234	4.062332153320312	110618	13151700
48.268974304199218	4.062387943267822	110618	13151800
48.269050598144531	4.062413215637207	110618	13151900
48.269050598144531	4.062413215637207	110618	13151900
48.269130706787109	4.062401771545410	110618	13152000
48.269207000732421	4.062353134155273	110618	13152100
48.269287109375000	4.062296867370605	110618	13152200
48.269371032714843	4.062262058258056	110618	13152300
48.269454956054687	4.062263011932373	110618	13152400
48.269454956054687	4.062263011932373	110618	13152400
48.269546508789062	4.062294960021972	110618	13152500
48.269641876220703	4.062339782714843	110618	13152600
48.269737243652343	4.062399864196777	110618	13152700
48.269832611083984	4.062472820281982	110618	13152800
48.269924163818359	4.062560081481933	110618	13152900
